3510;"2019-07-01 00:00:00";"644";"4";"23"
3510;"2019-07-01 00:15:00";"572";"3";"21"
3510;"2019-07-01 00:30:00";"636";"4";"24"
3510;"2019-07-01 00:45:00";"612";"4";"21"
3510;"2019-07-01 01:00:00";"400";"2";"15"
3510;"2019-07-01 01:15:00";"312";"2";"11"
3510;"2019-07-01 01:30:00";"296";"1";"11"
3510;"2019-07-01 01:45:00";"152";"0";"6"
3510;"2019-07-01 02:00:00";"196";"1";"6"
3510;"2019-07-01 02:15:00";"96";"1";"4"
3510;"2019-07-01 02:30:00";"108";"0";"4"
3510;"2019-07-01 02:45:00";"60";"0";"3"
3510;"2019-07-01 03:00:00";"65";"0";"2"
3510;"2019-07-01 03:15:00";"108";"0";"4"
3510;"2019-07-01 03:30:00";"68";"0";"4"
3510;"2019-07-01 03:45:00";"44";"0";"2"
3510;"2019-07-01 04:00:00";"68";"0";"4"
3510;"2019-07-01 04:15:00";"88";"1";"4"
3510;"2019-07-01 04:30:00";"68";"0";"3"
3510;"2019-07-01 04:45:00";"84";"0";"5"
3510;"2019-07-01 05:00:00";"136";"1";"4"
3510;"2019-07-01 05:15:00";"141";"0";"5"
3510;"2019-07-01 05:30:00";"217";"1";"8"
3510;"2019-07-01 05:45:00";"268";"1";"10"
3510;"2019-07-01 06:00:00";"352";"1";"14"
3510;"2019-07-01 06:15:00";"493";"2";"18"
3510;"2019-07-01 06:30:00";"740";"5";"28"
3510;"2019-07-01 06:45:00";"1300";"8";"48"
3510;"2019-07-01 07:00:00";"1728";"11";"59"
3510;"2019-07-01 07:15:00";"2076";"14";"70"
3510;"2019-07-01 07:30:00";"2132";"24";"76"
3510;"2019-07-01 07:45:00";"2133";"48";"83"
3510;"2019-07-01 08:00:00";"1675";"53";"82"
3510;"2019-07-01 08:15:00";"1573";"53";"79"
3510;"2019-07-01 08:30:00";"1508";"53";"77"
3510;"2019-07-01 08:45:00";"1500";"55";"82"
3510;"2019-07-01 09:00:00";"1420";"58";"81"
3510;"2019-07-01 09:15:00";"1840";"22";"69"
3510;"2019-07-01 09:30:00";"2156";"15";"73"
3510;"2019-07-01 09:45:00";"2075";"14";"70"
3510;"2019-07-01 10:00:00";"2420";"15";"82"
3510;"2019-07-01 10:15:00";"1952";"13";"68"
3510;"2019-07-01 10:30:00";"1788";"12";"63"
3510;"2019-07-01 10:45:00";"1708";"10";"60"
3510;"2019-07-01 11:00:00";"1619";"10";"58"
3510;"2019-07-01 11:15:00";"1648";"10";"58"
3510;"2019-07-01 11:30:00";"1568";"9";"56"
3510;"2019-07-01 11:45:00";"1652";"11";"57"
3510;"2019-07-01 12:00:00";"1768";"11";"62"
3510;"2019-07-01 12:15:00";"1688";"10";"60"
3510;"2019-07-01 12:30:00";"1868";"13";"65"
3510;"2019-07-01 12:45:00";"1728";"11";"61"
3510;"2019-07-01 13:00:00";"1660";"10";"58"
3510;"2019-07-01 13:15:00";"1716";"11";"59"
3510;"2019-07-01 13:30:00";"1693";"10";"59"
3510;"2019-07-01 13:45:00";"1817";"12";"63"
3510;"2019-07-01 14:00:00";"1747";"11";"61"
3510;"2019-07-01 14:15:00";"2092";"14";"72"
3510;"2019-07-01 14:30:00";"2132";"14";"73"
3510;"2019-07-01 14:45:00";"1949";"11";"68"
3510;"2019-07-01 15:00:00";"1736";"11";"60"
3510;"2019-07-01 15:15:00";"1884";"12";"64"
3510;"2019-07-01 15:30:00";"2012";"13";"68"
3510;"2019-07-01 15:45:00";"1773";"11";"62"
3510;"2019-07-01 16:00:00";"1764";"10";"60"
3510;"2019-07-01 16:15:00";"1673";"10";"58"
3510;"2019-07-01 16:30:00";"1736";"11";"60"
3510;"2019-07-01 16:45:00";"1680";"10";"59"
3510;"2019-07-01 17:00:00";"1640";"11";"58"
3510;"2019-07-01 17:15:00";"1599";"10";"57"
3510;"2019-07-01 17:30:00";"1727";"10";"60"
3510;"2019-07-01 17:45:00";"1656";"9";"59"
3510;"2019-07-01 18:00:00";"1873";"12";"65"
3510;"2019-07-01 18:15:00";"1860";"11";"65"
3510;"2019-07-01 18:30:00";"1744";"10";"60"
3510;"2019-07-01 18:45:00";"1792";"11";"63"
3510;"2019-07-01 19:00:00";"1851";"11";"64"
3510;"2019-07-01 19:15:00";"1848";"12";"63"
3510;"2019-07-01 19:30:00";"1860";"12";"63"
3510;"2019-07-01 19:45:00";"1968";"14";"67"
3510;"2019-07-01 20:00:00";"1732";"10";"60"
3510;"2019-07-01 20:15:00";"1689";"10";"59"
3510;"2019-07-01 20:30:00";"1848";"12";"64"
3510;"2019-07-01 20:45:00";"1728";"11";"58"
3510;"2019-07-01 21:00:00";"1764";"11";"62"
3510;"2019-07-01 21:15:00";"1825";"12";"62"
3510;"2019-07-01 21:30:00";"1512";"10";"54"
3510;"2019-07-01 21:45:00";"1316";"8";"47"
3510;"2019-07-01 22:00:00";"1152";"8";"42"
3510;"2019-07-01 22:15:00";"1208";"8";"43"
3510;"2019-07-01 22:30:00";"1179";"8";"42"
3510;"2019-07-01 22:45:00";"845";"6";"31"
3510;"2019-07-01 23:00:00";"664";"5";"24"
3510;"2019-07-01 23:15:00";"648";"3";"24"
3510;"2019-07-01 23:30:00";"573";"3";"21"
3510;"2019-07-01 23:45:00";"528";"3";"19"
3510;"2019-07-02 00:00:00";"440";"3";"15"
3510;"2019-07-02 00:15:00";"356";"2";"14"
3510;"2019-07-02 00:30:00";"289";"2";"9"
3510;"2019-07-02 00:45:00";"316";"2";"12"
3510;"2019-07-02 01:00:00";"232";"2";"8"
3510;"2019-07-02 01:15:00";"216";"1";"9"
3510;"2019-07-02 01:30:00";"188";"2";"8"
3510;"2019-07-02 01:45:00";"100";"1";"4"
3510;"2019-07-02 02:00:00";"164";"1";"6"
3510;"2019-07-02 02:15:00";"84";"0";"5"
3510;"2019-07-02 02:30:00";"60";"0";"3"
3510;"2019-07-02 02:45:00";"55";"0";"3"
3510;"2019-07-02 03:00:00";"40";"0";"2"
3510;"2019-07-02 03:15:00";"61";"0";"3"
3510;"2019-07-02 03:30:00";"34";"0";"1"
3510;"2019-07-02 03:45:00";"51";"0";"2"
3510;"2019-07-02 04:00:00";"48";"0";"3"
3510;"2019-07-02 04:15:00";"86";"0";"3"
3510;"2019-07-02 04:30:00";"65";"1";"3"
3510;"2019-07-02 04:45:00";"76";"1";"3"
3510;"2019-07-02 05:00:00";"96";"0";"4"
3510;"2019-07-02 05:15:00";"196";"2";"8"
3510;"2019-07-02 05:30:00";"137";"1";"6"
3510;"2019-07-02 05:45:00";"316";"2";"11"
3510;"2019-07-02 06:00:00";"336";"3";"12"
3510;"2019-07-02 06:15:00";"528";"2";"19"
3510;"2019-07-02 06:30:00";"840";"5";"32"
3510;"2019-07-02 06:45:00";"1424";"9";"52"
3510;"2019-07-02 07:00:00";"1820";"12";"63"
3510;"2019-07-02 07:15:00";"2156";"16";"74"
3510;"2019-07-02 07:30:00";"2292";"28";"81"
3510;"2019-07-02 07:45:00";"1928";"46";"78"
3510;"2019-07-02 08:00:00";"1608";"55";"80"
3510;"2019-07-02 08:15:00";"1508";"47";"73"
3510;"2019-07-02 08:30:00";"1285";"56";"76"
3510;"2019-07-02 08:45:00";"1412";"56";"79"
3510;"2019-07-02 09:00:00";"1660";"32";"69"
3510;"2019-07-02 09:15:00";"1732";"12";"60"
3510;"2019-07-02 09:30:00";"2168";"13";"74"
3510;"2019-07-02 09:45:00";"2248";"15";"76"
3510;"2019-07-02 10:00:00";"2112";"13";"71"
3510;"2019-07-02 10:15:00";"1768";"11";"61"
3510;"2019-07-02 10:30:00";"1988";"12";"68"
3510;"2019-07-02 10:45:00";"1667";"11";"59"
3510;"2019-07-02 11:00:00";"1831";"12";"64"
3510;"2019-07-02 11:15:00";"1589";"10";"56"
3510;"2019-07-02 11:30:00";"1568";"11";"55"
3510;"2019-07-02 11:45:00";"1892";"12";"66"
3510;"2019-07-02 12:00:00";"1701";"10";"59"
3510;"2019-07-02 12:15:00";"1740";"12";"60"
3510;"2019-07-02 12:30:00";"1696";"11";"60"
3510;"2019-07-02 12:45:00";"1621";"11";"57"
3510;"2019-07-02 13:00:00";"1889";"11";"66"
3510;"2019-07-02 13:15:00";"1791";"12";"62"
3510;"2019-07-02 13:30:00";"1808";"11";"61"
3510;"2019-07-02 13:45:00";"2024";"13";"69"
3510;"2019-07-02 14:00:00";"1972";"12";"67"
3510;"2019-07-02 14:15:00";"1981";"13";"68"
3510;"2019-07-02 14:30:00";"2048";"12";"70"
3510;"2019-07-02 14:45:00";"2224";"15";"76"
3510;"2019-07-02 15:00:00";"2312";"18";"79"
3510;"2019-07-02 15:15:00";"2321";"15";"78"
3510;"2019-07-02 15:30:00";"2321";"18";"77"
3510;"2019-07-02 15:45:00";"2052";"12";"69"
3510;"2019-07-02 16:00:00";"1928";"12";"65"
3510;"2019-07-02 16:15:00";"2004";"13";"68"
3510;"2019-07-02 16:30:00";"1956";"11";"67"
3510;"2019-07-02 16:45:00";"1920";"12";"66"
3510;"2019-07-02 17:00:00";"1707";"10";"58"
3510;"2019-07-02 17:15:00";"1691";"11";"59"
3510;"2019-07-02 17:30:00";"1608";"9";"56"
3510;"2019-07-02 17:45:00";"1812";"10";"61"
3510;"2019-07-02 18:00:00";"1756";"10";"60"
3510;"2019-07-02 18:15:00";"1836";"11";"64"
3510;"2019-07-02 18:30:00";"2064";"12";"69"
3510;"2019-07-02 18:45:00";"1924";"12";"65"
3510;"2019-07-02 19:00:00";"1916";"13";"66"
3510;"2019-07-02 19:15:00";"2032";"13";"70"
3510;"2019-07-02 19:30:00";"1989";"12";"70"
3510;"2019-07-02 19:45:00";"1764";"10";"61"
3510;"2019-07-02 20:00:00";"1847";"12";"63"
3510;"2019-07-02 20:15:00";"1897";"13";"65"
3510;"2019-07-02 20:30:00";"1759";"12";"61"
3510;"2019-07-02 20:45:00";"1851";"12";"62"
3510;"2019-07-02 21:00:00";"1856";"12";"63"
3510;"2019-07-02 21:15:00";"1564";"9";"54"
3510;"2019-07-02 21:30:00";"1739";"11";"61"
3510;"2019-07-02 21:45:00";"1573";"11";"53"
3510;"2019-07-02 22:00:00";"1272";"7";"45"
3510;"2019-07-02 22:15:00";"1328";"9";"47"
3510;"2019-07-02 22:30:00";"1080";"7";"39"
3510;"2019-07-02 22:45:00";"932";"5";"34"
3510;"2019-07-02 23:00:00";"863";"6";"31"
3510;"2019-07-02 23:15:00";"684";"4";"24"
3510;"2019-07-02 23:30:00";"688";"3";"25"
3510;"2019-07-02 23:45:00";"616";"3";"21"
3510;"2019-07-03 00:00:00";"596";"3";"22"
3510;"2019-07-03 00:15:00";"524";"3";"20"
3510;"2019-07-03 00:30:00";"408";"3";"16"
3510;"2019-07-03 00:45:00";"345";"2";"12"
3510;"2019-07-03 01:00:00";"316";"2";"11"
3510;"2019-07-03 01:15:00";"216";"1";"9"
3510;"2019-07-03 01:30:00";"229";"1";"8"
3510;"2019-07-03 01:45:00";"148";"1";"6"
3510;"2019-07-03 02:00:00";"124";"1";"5"
3510;"2019-07-03 02:15:00";"49";"1";"3"
3510;"2019-07-03 02:30:00";"112";"1";"5"
3510;"2019-07-03 02:45:00";"40";"1";"2"
3510;"2019-07-03 03:00:00";"81";"0";"3"
3510;"2019-07-03 03:15:00";"105";"1";"5"
3510;"2019-07-03 03:30:00";"65";"0";"2"
3510;"2019-07-03 03:45:00";"49";"0";"2"
3510;"2019-07-03 04:00:00";"80";"0";"3"
3510;"2019-07-03 04:15:00";"96";"0";"4"
3510;"2019-07-03 04:30:00";"65";"1";"3"
3510;"2019-07-03 04:45:00";"72";"0";"3"
3510;"2019-07-03 05:00:00";"148";"0";"6"
3510;"2019-07-03 05:15:00";"91";"0";"5"
3510;"2019-07-03 05:30:00";"156";"1";"7"
3510;"2019-07-03 05:45:00";"321";"1";"12"
3510;"2019-07-03 06:00:00";"288";"2";"11"
3510;"2019-07-03 06:15:00";"492";"2";"18"
3510;"2019-07-03 06:30:00";"885";"5";"33"
3510;"2019-07-03 06:45:00";"1423";"9";"50"
3510;"2019-07-03 07:00:00";"1867";"11";"65"
3510;"2019-07-03 07:15:00";"2264";"14";"74"
3510;"2019-07-03 07:30:00";"2064";"31";"76"
3510;"2019-07-03 07:45:00";"1932";"52";"83"
3510;"2019-07-03 08:00:00";"1884";"52";"83"
3510;"2019-07-03 08:15:00";"1041";"75";"86"
3510;"2019-07-03 08:30:00";"1244";"67";"82"
3510;"2019-07-03 08:45:00";"1564";"30";"66"
3510;"2019-07-03 09:00:00";"1847";"13";"65"
3510;"2019-07-03 09:15:00";"2076";"14";"71"
3510;"2019-07-03 09:30:00";"1976";"14";"68"
3510;"2019-07-03 09:45:00";"1908";"14";"66"
3510;"2019-07-03 10:00:00";"1788";"12";"60"
3510;"2019-07-03 10:15:00";"1908";"12";"67"
3510;"2019-07-03 10:30:00";"1716";"11";"59"
3510;"2019-07-03 10:45:00";"1524";"10";"54"
3510;"2019-07-03 11:00:00";"1689";"12";"59"
3510;"2019-07-03 11:15:00";"1649";"10";"58"
3510;"2019-07-03 11:30:00";"1897";"11";"65"
3510;"2019-07-03 11:45:00";"1692";"12";"58"
3510;"2019-07-03 12:00:00";"1851";"12";"65"
3510;"2019-07-03 12:15:00";"1668";"11";"58"
3510;"2019-07-03 12:30:00";"1772";"11";"62"
3510;"2019-07-03 12:45:00";"1772";"11";"61"
3510;"2019-07-03 13:00:00";"1916";"12";"66"
3510;"2019-07-03 13:15:00";"1812";"12";"64"
3510;"2019-07-03 13:30:00";"1788";"11";"63"
3510;"2019-07-03 13:45:00";"1900";"12";"65"
3510;"2019-07-03 14:00:00";"1988";"12";"67"
3510;"2019-07-03 14:15:00";"2076";"13";"71"
3510;"2019-07-03 14:30:00";"2104";"14";"71"
3510;"2019-07-03 14:45:00";"2061";"13";"69"
3510;"2019-07-03 15:00:00";"1867";"12";"63"
3510;"2019-07-03 15:15:00";"2027";"13";"68"
3510;"2019-07-03 15:30:00";"1964";"12";"68"
3510;"2019-07-03 15:45:00";"1840";"11";"63"
3510;"2019-07-03 16:00:00";"1712";"11";"59"
3510;"2019-07-03 16:15:00";"1812";"11";"62"
3510;"2019-07-03 16:30:00";"1667";"9";"58"
3510;"2019-07-03 16:45:00";"1636";"10";"57"
3510;"2019-07-03 17:00:00";"1796";"11";"62"
3510;"2019-07-03 17:15:00";"1700";"11";"59"
3510;"2019-07-03 17:30:00";"1801";"12";"62"
3510;"2019-07-03 17:45:00";"1980";"12";"67"
3510;"2019-07-03 18:00:00";"1803";"11";"61"
3510;"2019-07-03 18:15:00";"1864";"11";"62"
3510;"2019-07-03 18:30:00";"2031";"13";"68"
3510;"2019-07-03 18:45:00";"1744";"11";"60"
3510;"2019-07-03 19:00:00";"1844";"11";"63"
3510;"2019-07-03 19:15:00";"1881";"11";"64"
3510;"2019-07-03 19:30:00";"1909";"12";"64"
3510;"2019-07-03 19:45:00";"1872";"12";"65"
3510;"2019-07-03 20:00:00";"1888";"13";"63"
3510;"2019-07-03 20:15:00";"1884";"12";"65"
3510;"2019-07-03 20:30:00";"1992";"13";"69"
3510;"2019-07-03 20:45:00";"1856";"12";"65"
3510;"2019-07-03 21:00:00";"1780";"11";"61"
3510;"2019-07-03 21:15:00";"1793";"12";"61"
3510;"2019-07-03 21:30:00";"1700";"12";"59"
3510;"2019-07-03 21:45:00";"1433";"9";"50"
3510;"2019-07-03 22:00:00";"1300";"7";"46"
3510;"2019-07-03 22:15:00";"1284";"8";"46"
3510;"2019-07-03 22:30:00";"1160";"8";"41"
3510;"2019-07-03 22:45:00";"928";"5";"34"
3510;"2019-07-03 23:00:00";"789";"5";"30"
3510;"2019-07-03 23:15:00";"761";"3";"28"
3510;"2019-07-03 23:30:00";"616";"4";"23"
3510;"2019-07-03 23:45:00";"655";"4";"24"
3510;"2019-07-04 00:00:00";"648";"5";"24"
3510;"2019-07-04 00:15:00";"592";"4";"22"
3510;"2019-07-04 00:30:00";"532";"3";"20"
3510;"2019-07-04 00:45:00";"424";"2";"15"
3510;"2019-07-04 01:00:00";"428";"2";"17"
3510;"2019-07-04 01:15:00";"328";"2";"12"
3510;"2019-07-04 01:30:00";"253";"1";"8"
3510;"2019-07-04 01:45:00";"180";"1";"7"
3510;"2019-07-04 02:00:00";"161";"1";"6"
3510;"2019-07-04 02:15:00";"172";"2";"7"
3510;"2019-07-04 02:30:00";"153";"1";"6"
3510;"2019-07-04 02:45:00";"112";"0";"6"
3510;"2019-07-04 03:00:00";"131";"1";"6"
3510;"2019-07-04 03:15:00";"117";"1";"4"
3510;"2019-07-04 03:30:00";"56";"0";"2"
3510;"2019-07-04 03:45:00";"84";"0";"4"
3510;"2019-07-04 04:00:00";"60";"0";"1"
3510;"2019-07-04 04:15:00";"64";"0";"3"
3510;"2019-07-04 04:30:00";"80";"0";"3"
3510;"2019-07-04 04:45:00";"92";"1";"5"
3510;"2019-07-04 05:00:00";"143";"1";"7"
3510;"2019-07-04 05:15:00";"120";"1";"5"
3510;"2019-07-04 05:30:00";"223";"1";"8"
3510;"2019-07-04 05:45:00";"255";"1";"9"
3510;"2019-07-04 06:00:00";"360";"2";"13"
3510;"2019-07-04 06:15:00";"544";"3";"19"
3510;"2019-07-04 06:30:00";"801";"2";"28"
3510;"2019-07-04 06:45:00";"1352";"9";"47"
3510;"2019-07-04 07:00:00";"1756";"11";"60"
3510;"2019-07-04 07:15:00";"2544";"18";"83"
3510;"2019-07-04 07:30:00";"2401";"30";"83"
3510;"2019-07-04 07:45:00";"2128";"21";"75"
3510;"2019-07-04 08:00:00";"2008";"15";"69"
3510;"2019-07-04 08:15:00";"1796";"12";"62"
3510;"2019-07-04 08:30:00";"2013";"13";"70"
3510;"2019-07-04 08:45:00";"1968";"14";"68"
3510;"2019-07-04 09:00:00";"1848";"13";"65"
3510;"2019-07-04 09:15:00";"1800";"12";"62"
3510;"2019-07-04 09:30:00";"2085";"15";"71"
3510;"2019-07-04 09:45:00";"1884";"12";"63"
3510;"2019-07-04 10:00:00";"1904";"11";"65"
3510;"2019-07-04 10:15:00";"1828";"12";"63"
3510;"2019-07-04 10:30:00";"1488";"8";"52"
3510;"2019-07-04 10:45:00";"1625";"10";"57"
3510;"2019-07-04 11:00:00";"1704";"11";"61"
3510;"2019-07-04 11:15:00";"1613";"11";"55"
3510;"2019-07-04 11:30:00";"1736";"11";"60"
3510;"2019-07-04 11:45:00";"1840";"12";"66"
3510;"2019-07-04 12:00:00";"1793";"11";"61"
3510;"2019-07-04 12:15:00";"1519";"9";"54"
3510;"2019-07-04 12:30:00";"1716";"11";"60"
3510;"2019-07-04 12:45:00";"1735";"11";"61"
3510;"2019-07-04 13:00:00";"1696";"11";"61"
3510;"2019-07-04 13:15:00";"1769";"12";"61"
3510;"2019-07-04 13:30:00";"1881";"11";"65"
3510;"2019-07-04 13:45:00";"1840";"12";"64"
3510;"2019-07-04 14:00:00";"1916";"12";"66"
3510;"2019-07-04 14:15:00";"2152";"14";"73"
3510;"2019-07-04 14:30:00";"2188";"14";"74"
3510;"2019-07-04 14:45:00";"2203";"13";"73"
3510;"2019-07-04 15:00:00";"1908";"11";"65"
3510;"2019-07-04 15:15:00";"1912";"12";"67"
3510;"2019-07-04 15:30:00";"2052";"12";"70"
3510;"2019-07-04 15:45:00";"1896";"11";"65"
3510;"2019-07-04 16:00:00";"1764";"11";"62"
3510;"2019-07-04 16:15:00";"1711";"10";"59"
3510;"2019-07-04 16:30:00";"1645";"9";"56"
3510;"2019-07-04 16:45:00";"1552";"9";"54"
3510;"2019-07-04 17:00:00";"1924";"12";"65"
3510;"2019-07-04 17:15:00";"1719";"11";"59"
3510;"2019-07-04 17:30:00";"1719";"11";"59"
3510;"2019-07-04 17:45:00";"1836";"10";"63"
3510;"2019-07-04 18:00:00";"1656";"9";"58"
3510;"2019-07-04 18:15:00";"2173";"14";"74"
3510;"2019-07-04 18:30:00";"2088";"12";"72"
3510;"2019-07-04 18:45:00";"1892";"13";"66"
3510;"2019-07-04 19:00:00";"1832";"11";"64"
3510;"2019-07-04 19:15:00";"1908";"12";"66"
3510;"2019-07-04 19:30:00";"1813";"11";"63"
3510;"2019-07-04 19:45:00";"1867";"11";"66"
3510;"2019-07-04 20:00:00";"1816";"12";"63"
3510;"2019-07-04 20:15:00";"1848";"12";"62"
3510;"2019-07-04 20:30:00";"1869";"12";"65"
3510;"2019-07-04 20:45:00";"2161";"15";"73"
3510;"2019-07-04 21:00:00";"1832";"13";"63"
3510;"2019-07-04 21:15:00";"1796";"10";"62"
3510;"2019-07-04 21:30:00";"1461";"10";"51"
3510;"2019-07-04 21:45:00";"1480";"8";"52"
3510;"2019-07-04 22:00:00";"1232";"7";"44"
3510;"2019-07-04 22:15:00";"1280";"9";"46"
3510;"2019-07-04 22:30:00";"1099";"7";"40"
3510;"2019-07-04 22:45:00";"920";"5";"34"
3510;"2019-07-04 23:00:00";"888";"6";"32"
3510;"2019-07-04 23:15:00";"824";"5";"31"
3510;"2019-07-04 23:30:00";"648";"3";"23"
3510;"2019-07-04 23:45:00";"572";"4";"22"
3510;"2019-07-05 00:00:00";"656";"4";"25"
3510;"2019-07-05 00:15:00";"579";"3";"21"
3510;"2019-07-05 00:30:00";"584";"2";"22"
3510;"2019-07-05 00:45:00";"604";"3";"23"
3510;"2019-07-05 01:00:00";"524";"3";"21"
3510;"2019-07-05 01:15:00";"405";"3";"16"
3510;"2019-07-05 01:30:00";"387";"3";"15"
3510;"2019-07-05 01:45:00";"252";"1";"9"
3510;"2019-07-05 02:00:00";"177";"1";"6"
3510;"2019-07-05 02:15:00";"160";"1";"7"
3510;"2019-07-05 02:30:00";"144";"1";"7"
3510;"2019-07-05 02:45:00";"124";"1";"5"
3510;"2019-07-05 03:00:00";"149";"0";"6"
3510;"2019-07-05 03:15:00";"100";"1";"5"
3510;"2019-07-05 03:30:00";"131";"1";"5"
3510;"2019-07-05 03:45:00";"80";"1";"4"
3510;"2019-07-05 04:00:00";"67";"0";"3"
3510;"2019-07-05 04:15:00";"132";"1";"5"
3510;"2019-07-05 04:30:00";"104";"1";"4"
3510;"2019-07-05 04:45:00";"80";"0";"4"
3510;"2019-07-05 05:00:00";"116";"1";"6"
3510;"2019-07-05 05:15:00";"185";"1";"7"
3510;"2019-07-05 05:30:00";"144";"1";"6"
3510;"2019-07-05 05:45:00";"292";"2";"11"
3510;"2019-07-05 06:00:00";"292";"1";"11"
3510;"2019-07-05 06:15:00";"540";"3";"20"
3510;"2019-07-05 06:30:00";"840";"4";"30"
3510;"2019-07-05 06:45:00";"1308";"8";"46"
3510;"2019-07-05 07:00:00";"1976";"14";"68"
3510;"2019-07-05 07:15:00";"1980";"13";"68"
3510;"2019-07-05 07:30:00";"2072";"16";"70"
3510;"2019-07-05 07:45:00";"2016";"40";"80"
3510;"2019-07-05 08:00:00";"1860";"47";"81"
3510;"2019-07-05 08:15:00";"1800";"28";"70"
3510;"2019-07-05 08:30:00";"1920";"13";"66"
3510;"2019-07-05 08:45:00";"1751";"13";"62"
3510;"2019-07-05 09:00:00";"1864";"12";"64"
3510;"2019-07-05 09:15:00";"1780";"11";"62"
3510;"2019-07-05 09:30:00";"1852";"11";"63"
3510;"2019-07-05 09:45:00";"1725";"11";"59"
3510;"2019-07-05 10:00:00";"1848";"11";"65"
3510;"2019-07-05 10:15:00";"1412";"9";"49"
3510;"2019-07-05 10:30:00";"1532";"9";"54"
3510;"2019-07-05 10:45:00";"1589";"9";"56"
3510;"2019-07-05 11:00:00";"1556";"9";"55"
3510;"2019-07-05 11:15:00";"1596";"9";"55"
3510;"2019-07-05 11:30:00";"1608";"11";"57"
3510;"2019-07-05 11:45:00";"1608";"10";"56"
3510;"2019-07-05 12:00:00";"1668";"10";"57"
3510;"2019-07-05 12:15:00";"1424";"8";"50"
3510;"2019-07-05 12:30:00";"1667";"10";"58"
3510;"2019-07-05 12:45:00";"1740";"10";"61"
3510;"2019-07-05 13:00:00";"1860";"12";"64"
3510;"2019-07-05 13:15:00";"1688";"11";"60"
3510;"2019-07-05 13:30:00";"1939";"12";"65"
3510;"2019-07-05 13:45:00";"1932";"12";"65"
3510;"2019-07-05 14:00:00";"1908";"12";"66"
3510;"2019-07-05 14:15:00";"2020";"13";"68"
3510;"2019-07-05 14:30:00";"2124";"13";"74"
3510;"2019-07-05 14:45:00";"2101";"14";"71"
3510;"2019-07-05 15:00:00";"1844";"13";"64"
3510;"2019-07-05 15:15:00";"1884";"15";"66"
3510;"2019-07-05 15:30:00";"1715";"30";"67"
3510;"2019-07-05 15:45:00";"1660";"9";"57"
3510;"2019-07-05 16:00:00";"1681";"10";"58"
3510;"2019-07-05 16:15:00";"1340";"7";"47"
3510;"2019-07-05 16:30:00";"1548";"9";"55"
3510;"2019-07-05 16:45:00";"1520";"8";"53"
3510;"2019-07-05 17:00:00";"1549";"11";"54"
3510;"2019-07-05 17:15:00";"1624";"11";"56"
3510;"2019-07-05 17:30:00";"1560";"10";"54"
3510;"2019-07-05 17:45:00";"1741";"11";"60"
3510;"2019-07-05 18:00:00";"1788";"10";"61"
3510;"2019-07-05 18:15:00";"1587";"9";"56"
3510;"2019-07-05 18:30:00";"1705";"11";"59"
3510;"2019-07-05 18:45:00";"1688";"12";"59"
3510;"2019-07-05 19:00:00";"1860";"10";"63"
3510;"2019-07-05 19:15:00";"1732";"11";"59"
3510;"2019-07-05 19:30:00";"1768";"11";"61"
3510;"2019-07-05 19:45:00";"1524";"10";"53"
3510;"2019-07-05 20:00:00";"1576";"9";"56"
3510;"2019-07-05 20:15:00";"1772";"11";"62"
3510;"2019-07-05 20:30:00";"1676";"11";"59"
3510;"2019-07-05 20:45:00";"1820";"11";"63"
3510;"2019-07-05 21:00:00";"1744";"10";"60"
3510;"2019-07-05 21:15:00";"1772";"12";"61"
3510;"2019-07-05 21:30:00";"1692";"12";"58"
3510;"2019-07-05 21:45:00";"1544";"10";"54"
3510;"2019-07-05 22:00:00";"1292";"9";"46"
3510;"2019-07-05 22:15:00";"1244";"8";"45"
3510;"2019-07-05 22:30:00";"1204";"8";"43"
3510;"2019-07-05 22:45:00";"859";"5";"32"
3510;"2019-07-05 23:00:00";"676";"4";"25"
3510;"2019-07-05 23:15:00";"608";"4";"22"
3510;"2019-07-05 23:30:00";"728";"4";"26"
3510;"2019-07-05 23:45:00";"607";"3";"22"
3510;"2019-07-06 00:00:00";"656";"4";"23"
3510;"2019-07-06 00:15:00";"672";"4";"25"
3510;"2019-07-06 00:30:00";"480";"4";"19"
3510;"2019-07-06 00:45:00";"645";"4";"24"
3510;"2019-07-06 01:00:00";"580";"3";"22"
3510;"2019-07-06 01:15:00";"504";"2";"19"
3510;"2019-07-06 01:30:00";"509";"2";"18"
3510;"2019-07-06 01:45:00";"404";"3";"14"
3510;"2019-07-06 02:00:00";"416";"3";"15"
3510;"2019-07-06 02:15:00";"336";"2";"12"
3510;"2019-07-06 02:30:00";"341";"2";"14"
3510;"2019-07-06 02:45:00";"276";"2";"10"
3510;"2019-07-06 03:00:00";"212";"1";"8"
3510;"2019-07-06 03:15:00";"220";"1";"7"
3510;"2019-07-06 03:30:00";"188";"1";"8"
3510;"2019-07-06 03:45:00";"201";"1";"8"
3510;"2019-07-06 04:00:00";"217";"1";"7"
3510;"2019-07-06 04:15:00";"168";"1";"7"
3510;"2019-07-06 04:30:00";"155";"1";"5"
3510;"2019-07-06 04:45:00";"176";"1";"7"
3510;"2019-07-06 05:00:00";"217";"1";"8"
3510;"2019-07-06 05:15:00";"188";"1";"8"
3510;"2019-07-06 05:30:00";"213";"1";"7"
3510;"2019-07-06 05:45:00";"244";"1";"9"
3510;"2019-07-06 06:00:00";"216";"2";"7"
3510;"2019-07-06 06:15:00";"240";"0";"9"
3510;"2019-07-06 06:30:00";"268";"2";"10"
3510;"2019-07-06 06:45:00";"328";"1";"12"
3510;"2019-07-06 07:00:00";"320";"2";"12"
3510;"2019-07-06 07:15:00";"392";"2";"14"
3510;"2019-07-06 07:30:00";"517";"4";"18"
3510;"2019-07-06 07:45:00";"511";"3";"19"
3510;"2019-07-06 08:00:00";"404";"3";"15"
3510;"2019-07-06 08:15:00";"512";"3";"20"
3510;"2019-07-06 08:30:00";"508";"4";"18"
3510;"2019-07-06 08:45:00";"612";"3";"23"
3510;"2019-07-06 09:00:00";"668";"5";"25"
3510;"2019-07-06 09:15:00";"708";"5";"26"
3510;"2019-07-06 09:30:00";"704";"5";"26"
3510;"2019-07-06 09:45:00";"821";"6";"30"
3510;"2019-07-06 10:00:00";"957";"6";"34"
3510;"2019-07-06 10:15:00";"868";"5";"31"
3510;"2019-07-06 10:30:00";"1016";"6";"37"
3510;"2019-07-06 10:45:00";"1112";"6";"40"
3510;"2019-07-06 11:00:00";"1181";"8";"42"
3510;"2019-07-06 11:15:00";"1088";"7";"39"
3510;"2019-07-06 11:30:00";"1304";"8";"46"
3510;"2019-07-06 11:45:00";"1408";"9";"50"
3510;"2019-07-06 12:00:00";"1484";"8";"52"
3510;"2019-07-06 12:15:00";"1448";"8";"51"
3510;"2019-07-06 12:30:00";"1556";"11";"55"
3510;"2019-07-06 12:45:00";"1504";"10";"52"
3510;"2019-07-06 13:00:00";"1468";"9";"52"
3510;"2019-07-06 13:15:00";"1648";"11";"57"
3510;"2019-07-06 13:30:00";"1504";"8";"53"
3510;"2019-07-06 13:45:00";"1557";"10";"55"
3510;"2019-07-06 14:00:00";"1532";"9";"54"
3510;"2019-07-06 14:15:00";"1644";"11";"57"
3510;"2019-07-06 14:30:00";"1807";"11";"63"
3510;"2019-07-06 14:45:00";"1380";"9";"48"
3510;"2019-07-06 15:00:00";"1276";"8";"46"
3510;"2019-07-06 15:15:00";"1052";"6";"38"
3510;"2019-07-06 15:30:00";"976";"6";"35"
3510;"2019-07-06 15:45:00";"652";"4";"24"
3510;"2019-07-06 16:00:00";"773";"4";"27"
3510;"2019-07-06 16:15:00";"832";"5";"30"
3510;"2019-07-06 16:30:00";"847";"5";"31"
3510;"2019-07-06 16:45:00";"867";"5";"32"
3510;"2019-07-06 17:00:00";"1041";"7";"37"
3510;"2019-07-06 17:15:00";"912";"5";"33"
3510;"2019-07-06 17:30:00";"1016";"6";"37"
3510;"2019-07-06 17:45:00";"1160";"7";"42"
3510;"2019-07-06 18:00:00";"1263";"7";"45"
3510;"2019-07-06 18:15:00";"1171";"8";"42"
3510;"2019-07-06 18:30:00";"1372";"8";"48"
3510;"2019-07-06 18:45:00";"1352";"8";"46"
3510;"2019-07-06 19:00:00";"1373";"8";"49"
3510;"2019-07-06 19:15:00";"1308";"8";"46"
3510;"2019-07-06 19:30:00";"1440";"9";"51"
3510;"2019-07-06 19:45:00";"1456";"10";"53"
3510;"2019-07-06 20:00:00";"1472";"9";"52"
3510;"2019-07-06 20:15:00";"1619";"10";"56"
3510;"2019-07-06 20:30:00";"1676";"11";"59"
3510;"2019-07-06 20:45:00";"1416";"9";"51"
3510;"2019-07-06 21:00:00";"1540";"10";"54"
3510;"2019-07-06 21:15:00";"1748";"11";"61"
3510;"2019-07-06 21:30:00";"1685";"13";"59"
3510;"2019-07-06 21:45:00";"1428";"9";"51"
3510;"2019-07-06 22:00:00";"1361";"9";"49"
3510;"2019-07-06 22:15:00";"1365";"9";"49"
3510;"2019-07-06 22:30:00";"1329";"7";"48"
3510;"2019-07-06 22:45:00";"992";"7";"35"
3510;"2019-07-06 23:00:00";"913";"5";"33"
3510;"2019-07-06 23:15:00";"856";"5";"31"
3510;"2019-07-06 23:30:00";"663";"4";"26"
3510;"2019-07-06 23:45:00";"823";"5";"31"
3510;"2019-07-07 00:00:00";"817";"5";"31"
3510;"2019-07-07 00:15:00";"679";"4";"26"
3510;"2019-07-07 00:30:00";"791";"5";"29"
3510;"2019-07-07 00:45:00";"704";"4";"27"
3510;"2019-07-07 01:00:00";"760";"4";"28"
3510;"2019-07-07 01:15:00";"623";"3";"24"
3510;"2019-07-07 01:30:00";"592";"3";"21"
3510;"2019-07-07 01:45:00";"464";"3";"18"
3510;"2019-07-07 02:00:00";"456";"3";"17"
3510;"2019-07-07 02:15:00";"444";"2";"16"
3510;"2019-07-07 02:30:00";"360";"2";"13"
3510;"2019-07-07 02:45:00";"337";"2";"12"
3510;"2019-07-07 03:00:00";"352";"2";"13"
3510;"2019-07-07 03:15:00";"288";"1";"11"
3510;"2019-07-07 03:30:00";"277";"2";"11"
3510;"2019-07-07 03:45:00";"188";"0";"7"
3510;"2019-07-07 04:00:00";"236";"1";"9"
3510;"2019-07-07 04:15:00";"192";"1";"7"
3510;"2019-07-07 04:30:00";"200";"2";"7"
3510;"2019-07-07 04:45:00";"180";"1";"6"
3510;"2019-07-07 05:00:00";"164";"0";"6"
3510;"2019-07-07 05:15:00";"176";"1";"7"
3510;"2019-07-07 05:30:00";"176";"1";"7"
3510;"2019-07-07 05:45:00";"261";"2";"8"
3510;"2019-07-07 06:00:00";"196";"1";"8"
3510;"2019-07-07 06:15:00";"140";"0";"4"
3510;"2019-07-07 06:30:00";"296";"2";"11"
3510;"2019-07-07 06:45:00";"300";"1";"10"
3510;"2019-07-07 07:00:00";"341";"2";"13"
3510;"2019-07-07 07:15:00";"304";"1";"11"
3510;"2019-07-07 07:30:00";"385";"3";"13"
3510;"2019-07-07 07:45:00";"416";"2";"16"
3510;"2019-07-07 08:00:00";"384";"2";"14"
3510;"2019-07-07 08:15:00";"244";"2";"9"
3510;"2019-07-07 08:30:00";"336";"1";"12"
3510;"2019-07-07 08:45:00";"372";"2";"14"
3510;"2019-07-07 09:00:00";"439";"2";"17"
3510;"2019-07-07 09:15:00";"412";"2";"16"
3510;"2019-07-07 09:30:00";"424";"3";"16"
3510;"2019-07-07 09:45:00";"468";"2";"16"
3510;"2019-07-07 10:00:00";"644";"4";"23"
3510;"2019-07-07 10:15:00";"592";"3";"21"
3510;"2019-07-07 10:30:00";"675";"3";"24"
3510;"2019-07-07 10:45:00";"820";"4";"28"
3510;"2019-07-07 11:00:00";"1056";"6";"38"
3510;"2019-07-07 11:15:00";"1139";"7";"40"
3510;"2019-07-07 11:30:00";"1013";"6";"36"
3510;"2019-07-07 11:45:00";"1220";"7";"43"
3510;"2019-07-07 12:00:00";"1220";"8";"43"
3510;"2019-07-07 12:15:00";"1328";"8";"47"
3510;"2019-07-07 12:30:00";"1255";"9";"45"
3510;"2019-07-07 12:45:00";"1372";"8";"49"
3510;"2019-07-07 13:00:00";"1428";"9";"50"
3510;"2019-07-07 13:15:00";"1536";"9";"53"
3510;"2019-07-07 13:30:00";"1640";"10";"58"
3510;"2019-07-07 13:45:00";"1520";"9";"54"
3510;"2019-07-07 14:00:00";"1568";"9";"56"
3510;"2019-07-07 14:15:00";"1436";"10";"51"
3510;"2019-07-07 14:30:00";"1400";"9";"51"
3510;"2019-07-07 14:45:00";"1429";"8";"51"
3510;"2019-07-07 15:00:00";"1076";"6";"38"
3510;"2019-07-07 15:15:00";"965";"6";"34"
3510;"2019-07-07 15:30:00";"791";"5";"30"
3510;"2019-07-07 15:45:00";"804";"4";"29"
3510;"2019-07-07 16:00:00";"848";"4";"30"
3510;"2019-07-07 16:15:00";"859";"5";"32"
3510;"2019-07-07 16:30:00";"921";"5";"33"
3510;"2019-07-07 16:45:00";"1108";"5";"41"
3510;"2019-07-07 17:00:00";"1093";"7";"40"
3510;"2019-07-07 17:15:00";"1068";"6";"39"
3510;"2019-07-07 17:30:00";"1231";"7";"44"
3510;"2019-07-07 17:45:00";"1204";"7";"43"
3510;"2019-07-07 18:00:00";"1297";"8";"47"
3510;"2019-07-07 18:15:00";"1285";"8";"46"
3510;"2019-07-07 18:30:00";"1432";"9";"51"
3510;"2019-07-07 18:45:00";"1512";"10";"52"
3510;"2019-07-07 19:00:00";"1452";"9";"50"
3510;"2019-07-07 19:15:00";"1517";"9";"53"
3510;"2019-07-07 19:30:00";"1592";"9";"56"
3510;"2019-07-07 19:45:00";"1616";"10";"57"
3510;"2019-07-07 20:00:00";"1649";"10";"57"
3510;"2019-07-07 20:15:00";"1688";"11";"59"
3510;"2019-07-07 20:30:00";"1629";"11";"57"
3510;"2019-07-07 20:45:00";"1812";"10";"64"
3510;"2019-07-07 21:00:00";"1901";"13";"64"
3510;"2019-07-07 21:15:00";"1765";"11";"62"
3510;"2019-07-07 21:30:00";"2040";"15";"70"
3510;"2019-07-07 21:45:00";"1636";"9";"57"
3510;"2019-07-07 22:00:00";"1395";"9";"51"
3510;"2019-07-07 22:15:00";"1364";"9";"49"
3510;"2019-07-07 22:30:00";"1396";"9";"50"
3510;"2019-07-07 22:45:00";"1164";"6";"42"
3510;"2019-07-07 23:00:00";"1092";"7";"39"
3510;"2019-07-07 23:15:00";"928";"5";"34"
3510;"2019-07-07 23:30:00";"807";"4";"30"
3510;"2019-07-07 23:45:00";"828";"4";"31"
3510;"2019-07-08 00:00:00";"832";"5";"29"
3510;"2019-07-08 00:15:00";"668";"3";"26"
3510;"2019-07-08 00:30:00";"548";"4";"21"
3510;"2019-07-08 00:45:00";"524";"3";"20"
3510;"2019-07-08 01:00:00";"440";"2";"17"
3510;"2019-07-08 01:15:00";"329";"2";"12"
3510;"2019-07-08 01:30:00";"328";"3";"13"
3510;"2019-07-08 01:45:00";"208";"1";"7"
3510;"2019-07-08 02:00:00";"172";"1";"7"
3510;"2019-07-08 02:15:00";"176";"1";"7"
3510;"2019-07-08 02:30:00";"92";"0";"4"
3510;"2019-07-08 02:45:00";"99";"0";"4"
3510;"2019-07-08 03:00:00";"96";"1";"5"
3510;"2019-07-08 03:15:00";"44";"0";"3"
3510;"2019-07-08 03:30:00";"72";"1";"3"
3510;"2019-07-08 03:45:00";"69";"0";"2"
3510;"2019-07-08 04:00:00";"50";"0";"2"
3510;"2019-07-08 04:15:00";"76";"0";"3"
3510;"2019-07-08 04:30:00";"80";"1";"4"
3510;"2019-07-08 04:45:00";"76";"0";"2"
3510;"2019-07-08 05:00:00";"104";"1";"5"
3510;"2019-07-08 05:15:00";"127";"0";"5"
3510;"2019-07-08 05:30:00";"205";"1";"8"
3510;"2019-07-08 05:45:00";"276";"1";"11"
3510;"2019-07-08 06:00:00";"308";"1";"12"
3510;"2019-07-08 06:15:00";"460";"2";"17"
3510;"2019-07-08 06:30:00";"788";"4";"29"
3510;"2019-07-08 06:45:00";"1416";"9";"49"
3510;"2019-07-08 07:00:00";"1743";"12";"60"
3510;"2019-07-08 07:15:00";"1580";"10";"55"
3510;"2019-07-08 07:30:00";"1600";"11";"55"
3510;"2019-07-08 07:45:00";"1376";"10";"51"
3510;"2019-07-08 08:00:00";"1636";"12";"56"
3510;"2019-07-08 08:15:00";"1336";"9";"48"
3510;"2019-07-08 08:30:00";"1488";"10";"52"
3510;"2019-07-08 08:45:00";"1504";"10";"52"
3510;"2019-07-08 09:00:00";"1471";"10";"52"
3510;"2019-07-08 09:15:00";"1232";"8";"45"
3510;"2019-07-08 09:30:00";"1077";"7";"39"
3510;"2019-07-08 09:45:00";"1527";"10";"55"
3510;"2019-07-08 10:00:00";"1752";"11";"61"
3510;"2019-07-08 10:15:00";"1836";"12";"62"
3510;"2019-07-08 10:30:00";"1828";"11";"63"
3510;"2019-07-08 10:45:00";"1524";"10";"54"
3510;"2019-07-08 11:00:00";"1532";"9";"54"
3510;"2019-07-08 11:15:00";"1544";"11";"55"
3510;"2019-07-08 11:30:00";"1501";"10";"53"
3510;"2019-07-08 11:45:00";"1768";"11";"61"
3510;"2019-07-08 12:00:00";"1664";"10";"57"
3510;"2019-07-08 12:15:00";"1389";"9";"52"
3510;"2019-07-08 12:30:00";"1356";"9";"52"
3510;"2019-07-08 12:45:00";"1526";"10";"55"
3510;"2019-07-08 13:00:00";"1632";"11";"59"
3510;"2019-07-08 13:15:00";"1544";"10";"54"
3510;"2019-07-08 13:30:00";"1536";"10";"54"
3510;"2019-07-08 13:45:00";"1708";"11";"60"
3510;"2019-07-08 14:00:00";"1639";"10";"57"
3510;"2019-07-08 14:15:00";"1756";"11";"62"
3510;"2019-07-08 14:30:00";"1944";"12";"66"
3510;"2019-07-08 14:45:00";"1848";"11";"63"
3510;"2019-07-08 15:00:00";"1812";"10";"63"
3510;"2019-07-08 15:15:00";"1960";"12";"67"
3510;"2019-07-08 15:30:00";"2000";"12";"67"
3510;"2019-07-08 15:45:00";"1964";"12";"68"
3510;"2019-07-08 16:00:00";"1621";"10";"57"
3510;"2019-07-08 16:15:00";"1749";"11";"61"
3510;"2019-07-08 16:30:00";"1649";"10";"58"
3510;"2019-07-08 16:45:00";"1572";"10";"54"
3510;"2019-07-08 17:00:00";"1600";"10";"56"
3510;"2019-07-08 17:15:00";"1724";"10";"60"
3510;"2019-07-08 17:30:00";"1624";"9";"57"
3510;"2019-07-08 17:45:00";"1869";"13";"64"
3510;"2019-07-08 18:00:00";"1715";"10";"59"
3510;"2019-07-08 18:15:00";"1648";"10";"58"
3510;"2019-07-08 18:30:00";"1820";"12";"63"
3510;"2019-07-08 18:45:00";"1724";"11";"60"
3510;"2019-07-08 19:00:00";"1892";"12";"65"
3510;"2019-07-08 19:15:00";"1688";"12";"59"
3510;"2019-07-08 19:30:00";"1744";"11";"61"
3510;"2019-07-08 19:45:00";"1844";"12";"64"
3510;"2019-07-08 20:00:00";"1780";"12";"61"
3510;"2019-07-08 20:15:00";"1708";"10";"60"
3510;"2019-07-08 20:30:00";"1837";"11";"65"
3510;"2019-07-08 20:45:00";"1644";"10";"58"
3510;"2019-07-08 21:00:00";"1720";"10";"60"
3510;"2019-07-08 21:15:00";"1369";"10";"49"
3510;"2019-07-08 21:30:00";"1432";"10";"50"
3510;"2019-07-08 21:45:00";"1360";"8";"48"
3510;"2019-07-08 22:00:00";"1160";"7";"42"
3510;"2019-07-08 22:15:00";"1247";"7";"45"
3510;"2019-07-08 22:30:00";"1136";"7";"41"
3510;"2019-07-08 22:45:00";"781";"4";"29"
3510;"2019-07-08 23:00:00";"568";"2";"21"
3510;"2019-07-08 23:15:00";"624";"3";"24"
3510;"2019-07-08 23:30:00";"536";"3";"19"
3510;"2019-07-08 23:45:00";"417";"2";"15"
3510;"2019-07-09 00:00:00";"440";"2";"17"
3510;"2019-07-09 00:15:00";"384";"2";"15"
3510;"2019-07-09 00:30:00";"264";"1";"9"
3510;"2019-07-09 00:45:00";"281";"1";"9"
3510;"2019-07-09 01:00:00";"212";"1";"8"
3510;"2019-07-09 01:15:00";"196";"1";"7"
3510;"2019-07-09 01:30:00";"176";"1";"6"
3510;"2019-07-09 01:45:00";"139";"0";"5"
3510;"2019-07-09 02:00:00";"91";"1";"4"
3510;"2019-07-09 02:15:00";"68";"0";"2"
3510;"2019-07-09 02:30:00";"92";"1";"5"
3510;"2019-07-09 02:45:00";"60";"0";"3"
3510;"2019-07-09 03:00:00";"70";"1";"3"
3510;"2019-07-09 03:15:00";"24";"0";"1"
3510;"2019-07-09 03:30:00";"60";"0";"3"
3510;"2019-07-09 03:45:00";"52";"0";"3"
3510;"2019-07-09 04:00:00";"120";"1";"4"
3510;"2019-07-09 04:15:00";"74";"0";"3"
3510;"2019-07-09 04:30:00";"90";"1";"4"
3510;"2019-07-09 04:45:00";"95";"0";"3"
3510;"2019-07-09 05:00:00";"100";"0";"3"
3510;"2019-07-09 05:15:00";"184";"0";"8"
3510;"2019-07-09 05:30:00";"183";"0";"6"
3510;"2019-07-09 05:45:00";"292";"1";"10"
3510;"2019-07-09 06:00:00";"224";"1";"8"
3510;"2019-07-09 06:15:00";"451";"2";"17"
3510;"2019-07-09 06:30:00";"836";"5";"31"
3510;"2019-07-09 06:45:00";"1324";"8";"47"
3510;"2019-07-09 07:00:00";"1928";"12";"66"
3510;"2019-07-09 07:15:00";"2217";"14";"76"
3510;"2019-07-09 07:30:00";"2216";"18";"75"
3510;"2019-07-09 07:45:00";"1944";"20";"68"
3510;"2019-07-09 08:00:00";"2004";"19";"70"
3510;"2019-07-09 08:15:00";"1564";"26";"64"
3510;"2019-07-09 08:30:00";"1775";"12";"61"
3510;"2019-07-09 08:45:00";"1944";"13";"68"
3510;"2019-07-09 09:00:00";"1808";"11";"64"
3510;"2019-07-09 09:15:00";"2057";"15";"72"
3510;"2019-07-09 09:30:00";"2049";"14";"68"
3510;"2019-07-09 09:45:00";"1852";"12";"64"
3510;"2019-07-09 10:00:00";"2056";"14";"69"
3510;"2019-07-09 10:15:00";"1628";"10";"56"
3510;"2019-07-09 10:30:00";"1561";"10";"54"
3510;"2019-07-09 10:45:00";"1655";"10";"59"
3510;"2019-07-09 11:00:00";"1559";"9";"56"
3510;"2019-07-09 11:15:00";"1573";"9";"55"
3510;"2019-07-09 11:30:00";"1711";"11";"60"
3510;"2019-07-09 11:45:00";"1713";"11";"59"
3510;"2019-07-09 12:00:00";"1829";"12";"62"
3510;"2019-07-09 12:15:00";"1664";"10";"59"
3510;"2019-07-09 12:30:00";"1624";"9";"56"
3510;"2019-07-09 12:45:00";"1735";"11";"60"
3510;"2019-07-09 13:00:00";"1680";"11";"58"
3510;"2019-07-09 13:15:00";"1657";"10";"56"
3510;"2019-07-09 13:30:00";"1668";"10";"58"
3510;"2019-07-09 13:45:00";"1904";"12";"65"
3510;"2019-07-09 14:00:00";"1864";"12";"63"
3510;"2019-07-09 14:15:00";"1816";"11";"62"
3510;"2019-07-09 14:30:00";"2085";"14";"70"
3510;"2019-07-09 14:45:00";"1900";"12";"65"
3510;"2019-07-09 15:00:00";"1833";"11";"62"
3510;"2019-07-09 15:15:00";"1928";"12";"65"
3510;"2019-07-09 15:30:00";"1908";"13";"67"
3510;"2019-07-09 15:45:00";"1953";"13";"67"
3510;"2019-07-09 16:00:00";"1748";"9";"60"
3510;"2019-07-09 16:15:00";"1748";"11";"59"
3510;"2019-07-09 16:30:00";"1576";"10";"55"
3510;"2019-07-09 16:45:00";"1864";"11";"63"
3510;"2019-07-09 17:00:00";"1593";"10";"55"
3510;"2019-07-09 17:15:00";"1692";"11";"58"
3510;"2019-07-09 17:30:00";"1612";"10";"55"
3510;"2019-07-09 17:45:00";"1733";"10";"60"
3510;"2019-07-09 18:00:00";"1740";"10";"60"
3510;"2019-07-09 18:15:00";"1808";"10";"63"
3510;"2019-07-09 18:30:00";"1897";"12";"64"
3510;"2019-07-09 18:45:00";"1748";"10";"60"
3510;"2019-07-09 19:00:00";"2048";"12";"69"
3510;"2019-07-09 19:15:00";"1800";"11";"62"
3510;"2019-07-09 19:30:00";"1909";"12";"65"
3510;"2019-07-09 19:45:00";"1628";"9";"56"
3510;"2019-07-09 20:00:00";"1892";"12";"65"
3510;"2019-07-09 20:15:00";"2049";"12";"69"
3510;"2019-07-09 20:30:00";"1720";"10";"59"
3510;"2019-07-09 20:45:00";"1739";"12";"60"
3510;"2019-07-09 21:00:00";"1664";"11";"58"
3510;"2019-07-09 21:15:00";"1600";"11";"55"
3510;"2019-07-09 21:30:00";"1648";"11";"57"
3510;"2019-07-09 21:45:00";"1317";"8";"47"
3510;"2019-07-09 22:00:00";"1229";"7";"43"
3510;"2019-07-09 22:15:00";"1105";"7";"40"
3510;"2019-07-09 22:30:00";"1020";"6";"37"
3510;"2019-07-09 22:45:00";"924";"7";"35"
3510;"2019-07-09 23:00:00";"716";"4";"26"
3510;"2019-07-09 23:15:00";"608";"3";"22"
3510;"2019-07-09 23:30:00";"637";"3";"23"
3510;"2019-07-09 23:45:00";"639";"4";"24"
3510;"2019-07-10 00:00:00";"536";"3";"19"
3510;"2019-07-10 00:15:00";"568";"3";"21"
3510;"2019-07-10 00:30:00";"444";"3";"17"
3510;"2019-07-10 00:45:00";"476";"3";"18"
3510;"2019-07-10 01:00:00";"268";"2";"10"
3510;"2019-07-10 01:15:00";"271";"2";"10"
3510;"2019-07-10 01:30:00";"172";"1";"6"
3510;"2019-07-10 01:45:00";"188";"1";"7"
3510;"2019-07-10 02:00:00";"120";"1";"5"
3510;"2019-07-10 02:15:00";"76";"1";"4"
3510;"2019-07-10 02:30:00";"79";"0";"3"
3510;"2019-07-10 02:45:00";"72";"2";"4"
3510;"2019-07-10 03:00:00";"60";"1";"3"
3510;"2019-07-10 03:15:00";"66";"0";"2"
3510;"2019-07-10 03:30:00";"37";"0";"1"
3510;"2019-07-10 03:45:00";"42";"0";"1"
3510;"2019-07-10 04:00:00";"48";"0";"2"
3510;"2019-07-10 04:15:00";"48";"0";"1"
3510;"2019-07-10 04:30:00";"70";"0";"3"
3510;"2019-07-10 04:45:00";"96";"1";"5"
3510;"2019-07-10 05:00:00";"136";"1";"5"
3510;"2019-07-10 05:15:00";"127";"0";"5"
3510;"2019-07-10 05:30:00";"156";"1";"6"
3510;"2019-07-10 05:45:00";"280";"2";"11"
3510;"2019-07-10 06:00:00";"323";"1";"12"
3510;"2019-07-10 06:15:00";"416";"2";"16"
3510;"2019-07-10 06:30:00";"988";"5";"36"
3510;"2019-07-10 06:45:00";"1408";"9";"49"
3510;"2019-07-10 07:00:00";"1956";"13";"67"
3510;"2019-07-10 07:15:00";"2212";"16";"75"
3510;"2019-07-10 07:30:00";"2564";"20";"85"
3510;"2019-07-10 07:45:00";"1976";"38";"78"
3510;"2019-07-10 08:00:00";"2020";"36";"78"
3510;"2019-07-10 08:15:00";"1897";"15";"65"
3510;"2019-07-10 08:30:00";"1764";"14";"62"
3510;"2019-07-10 08:45:00";"1860";"13";"64"
3510;"2019-07-10 09:00:00";"1744";"11";"60"
3510;"2019-07-10 09:15:00";"2208";"14";"75"
3510;"2019-07-10 09:30:00";"1960";"13";"68"
3510;"2019-07-10 09:45:00";"2228";"15";"74"
3510;"2019-07-10 10:00:00";"1896";"12";"65"
3510;"2019-07-10 10:15:00";"1488";"10";"53"
3510;"2019-07-10 10:30:00";"1505";"10";"53"
3510;"2019-07-10 10:45:00";"1704";"10";"59"
3510;"2019-07-10 11:00:00";"1544";"9";"55"
3510;"2019-07-10 11:15:00";"1572";"9";"56"
3510;"2019-07-10 11:30:00";"1540";"11";"54"
3510;"2019-07-10 11:45:00";"1552";"11";"56"
3510;"2019-07-10 12:00:00";"1792";"12";"63"
3510;"2019-07-10 12:15:00";"1780";"12";"62"
3510;"2019-07-10 12:30:00";"1701";"11";"60"
3510;"2019-07-10 12:45:00";"1720";"10";"60"
3510;"2019-07-10 13:00:00";"1744";"12";"62"
3510;"2019-07-10 13:15:00";"1748";"11";"60"
3510;"2019-07-10 13:30:00";"1752";"11";"60"
3510;"2019-07-10 13:45:00";"1691";"10";"59"
3510;"2019-07-10 14:00:00";"1743";"12";"61"
3510;"2019-07-10 14:15:00";"1948";"12";"67"
3510;"2019-07-10 14:30:00";"2268";"15";"76"
3510;"2019-07-10 14:45:00";"1945";"13";"68"
3510;"2019-07-10 15:00:00";"1863";"13";"65"
3510;"2019-07-10 15:15:00";"1820";"11";"63"
3510;"2019-07-10 15:30:00";"2009";"12";"67"
3510;"2019-07-10 15:45:00";"2013";"12";"68"
3510;"2019-07-10 16:00:00";"1943";"11";"67"
3510;"2019-07-10 16:15:00";"1812";"13";"65"
3510;"2019-07-10 16:30:00";"1588";"15";"56"
3510;"2019-07-10 16:45:00";"1584";"12";"54"
3510;"2019-07-10 17:00:00";"1721";"11";"59"
3510;"2019-07-10 17:15:00";"1715";"10";"60"
3510;"2019-07-10 17:30:00";"1600";"10";"55"
3510;"2019-07-10 17:45:00";"1888";"11";"65"
3510;"2019-07-10 18:00:00";"1744";"10";"61"
3510;"2019-07-10 18:15:00";"1972";"13";"67"
3510;"2019-07-10 18:30:00";"1956";"11";"66"
3510;"2019-07-10 18:45:00";"2000";"12";"67"
3510;"2019-07-10 19:00:00";"1976";"13";"68"
3510;"2019-07-10 19:15:00";"2071";"14";"70"
3510;"2019-07-10 19:30:00";"2039";"13";"69"
3510;"2019-07-10 19:45:00";"1885";"13";"65"
3510;"2019-07-10 20:00:00";"1784";"12";"61"
3510;"2019-07-10 20:15:00";"1765";"11";"61"
3510;"2019-07-10 20:30:00";"1904";"12";"64"
3510;"2019-07-10 20:45:00";"1732";"11";"59"
3510;"2019-07-10 21:00:00";"1712";"10";"59"
3510;"2019-07-10 21:15:00";"1665";"10";"58"
3510;"2019-07-10 21:30:00";"1780";"12";"63"
3510;"2019-07-10 21:45:00";"1473";"10";"52"
3510;"2019-07-10 22:00:00";"1208";"8";"43"
3510;"2019-07-10 22:15:00";"1268";"8";"45"
3510;"2019-07-10 22:30:00";"1256";"8";"44"
3510;"2019-07-10 22:45:00";"848";"5";"30"
3510;"2019-07-10 23:00:00";"820";"4";"30"
3510;"2019-07-10 23:15:00";"620";"3";"22"
3510;"2019-07-10 23:30:00";"644";"3";"24"
3510;"2019-07-10 23:45:00";"595";"4";"22"
3510;"2019-07-11 00:00:00";"604";"3";"22"
3510;"2019-07-11 00:15:00";"588";"2";"21"
3510;"2019-07-11 00:30:00";"625";"3";"23"
3510;"2019-07-11 00:45:00";"480";"3";"19"
3510;"2019-07-11 01:00:00";"412";"2";"14"
3510;"2019-07-11 01:15:00";"360";"2";"13"
3510;"2019-07-11 01:30:00";"245";"1";"10"
3510;"2019-07-11 01:45:00";"168";"1";"7"
3510;"2019-07-11 02:00:00";"160";"0";"6"
3510;"2019-07-11 02:15:00";"172";"1";"7"
3510;"2019-07-11 02:30:00";"64";"0";"4"
3510;"2019-07-11 02:45:00";"104";"1";"4"
3510;"2019-07-11 03:00:00";"104";"0";"3"
3510;"2019-07-11 03:15:00";"80";"0";"3"
3510;"2019-07-11 03:30:00";"63";"0";"3"
3510;"2019-07-11 03:45:00";"40";"0";"1"
3510;"2019-07-11 04:00:00";"51";"1";"3"
3510;"2019-07-11 04:15:00";"59";"0";"3"
3510;"2019-07-11 04:30:00";"95";"0";"3"
3510;"2019-07-11 04:45:00";"108";"0";"5"
3510;"2019-07-11 05:00:00";"140";"1";"6"
3510;"2019-07-11 05:15:00";"120";"0";"4"
3510;"2019-07-11 05:30:00";"244";"2";"8"
3510;"2019-07-11 05:45:00";"269";"1";"10"
3510;"2019-07-11 06:00:00";"336";"2";"11"
3510;"2019-07-11 06:15:00";"472";"2";"18"
3510;"2019-07-11 06:30:00";"761";"3";"27"
3510;"2019-07-11 06:45:00";"1336";"8";"49"
3510;"2019-07-11 07:00:00";"1940";"13";"66"
3510;"2019-07-11 07:15:00";"2271";"18";"78"
3510;"2019-07-11 07:30:00";"2185";"18";"74"
3510;"2019-07-11 07:45:00";"2220";"25";"77"
3510;"2019-07-11 08:00:00";"2072";"21";"73"
3510;"2019-07-11 08:15:00";"1848";"13";"63"
3510;"2019-07-11 08:30:00";"1756";"12";"61"
3510;"2019-07-11 08:45:00";"1984";"13";"69"
3510;"2019-07-11 09:00:00";"1896";"12";"65"
3510;"2019-07-11 09:15:00";"1940";"11";"67"
3510;"2019-07-11 09:30:00";"1901";"12";"66"
3510;"2019-07-11 09:45:00";"1799";"12";"62"
3510;"2019-07-11 10:00:00";"1553";"11";"55"
3510;"2019-07-11 10:15:00";"1551";"10";"54"
3510;"2019-07-11 10:30:00";"1631";"10";"57"
3510;"2019-07-11 10:45:00";"1600";"10";"56"
3510;"2019-07-11 11:00:00";"1700";"9";"60"
3510;"2019-07-11 11:15:00";"1687";"11";"59"
3510;"2019-07-11 11:30:00";"1412";"9";"50"
3510;"2019-07-11 11:45:00";"1844";"13";"65"
3510;"2019-07-11 12:00:00";"1680";"10";"59"
3510;"2019-07-11 12:15:00";"1668";"10";"58"
3510;"2019-07-11 12:30:00";"1484";"10";"52"
3510;"2019-07-11 12:45:00";"1608";"10";"56"
3510;"2019-07-11 13:00:00";"1628";"10";"56"
3510;"2019-07-11 13:15:00";"1791";"12";"63"
3510;"2019-07-11 13:30:00";"1840";"11";"64"
3510;"2019-07-11 13:45:00";"1740";"12";"61"
3510;"2019-07-11 14:00:00";"1896";"12";"65"
3510;"2019-07-11 14:15:00";"1984";"12";"68"
3510;"2019-07-11 14:30:00";"2040";"13";"70"
3510;"2019-07-11 14:45:00";"1724";"11";"59"
3510;"2019-07-11 15:00:00";"1712";"10";"61"
3510;"2019-07-11 15:15:00";"2041";"12";"71"
3510;"2019-07-11 15:30:00";"2161";"13";"72"
3510;"2019-07-11 15:45:00";"1807";"10";"62"
3510;"2019-07-11 16:00:00";"1740";"11";"60"
3510;"2019-07-11 16:15:00";"1655";"9";"55"
3510;"2019-07-11 16:30:00";"1888";"12";"66"
3510;"2019-07-11 16:45:00";"1612";"9";"55"
3510;"2019-07-11 17:00:00";"1737";"11";"60"
3510;"2019-07-11 17:15:00";"1489";"8";"52"
3510;"2019-07-11 17:30:00";"1756";"10";"61"
3510;"2019-07-11 17:45:00";"1661";"10";"58"
3510;"2019-07-11 18:00:00";"1964";"12";"69"
3510;"2019-07-11 18:15:00";"1837";"11";"62"
3510;"2019-07-11 18:30:00";"2189";"13";"74"
3510;"2019-07-11 18:45:00";"1788";"10";"61"
3510;"2019-07-11 19:00:00";"1909";"10";"65"
3510;"2019-07-11 19:15:00";"1900";"13";"64"
3510;"2019-07-11 19:30:00";"1744";"11";"60"
3510;"2019-07-11 19:45:00";"2025";"14";"69"
3510;"2019-07-11 20:00:00";"1900";"10";"65"
3510;"2019-07-11 20:15:00";"1908";"12";"64"
3510;"2019-07-11 20:30:00";"1920";"12";"65"
3510;"2019-07-11 20:45:00";"1664";"11";"57"
3510;"2019-07-11 21:00:00";"1809";"11";"63"
3510;"2019-07-11 21:15:00";"1636";"11";"56"
3510;"2019-07-11 21:30:00";"1865";"12";"64"
3510;"2019-07-11 21:45:00";"1552";"11";"54"
3510;"2019-07-11 22:00:00";"1265";"9";"46"
3510;"2019-07-11 22:15:00";"1116";"7";"41"
3510;"2019-07-11 22:30:00";"1220";"7";"44"
3510;"2019-07-11 22:45:00";"860";"5";"31"
3510;"2019-07-11 23:00:00";"600";"5";"22"
3510;"2019-07-11 23:15:00";"796";"5";"29"
3510;"2019-07-11 23:30:00";"712";"4";"27"
3510;"2019-07-11 23:45:00";"624";"4";"23"
3510;"2019-07-12 00:00:00";"720";"3";"26"
3510;"2019-07-12 00:15:00";"629";"4";"22"
3510;"2019-07-12 00:30:00";"544";"3";"20"
3510;"2019-07-12 00:45:00";"629";"4";"23"
3510;"2019-07-12 01:00:00";"412";"3";"14"
3510;"2019-07-12 01:15:00";"568";"3";"21"
3510;"2019-07-12 01:30:00";"416";"3";"15"
3510;"2019-07-12 01:45:00";"272";"1";"11"
3510;"2019-07-12 02:00:00";"243";"2";"10"
3510;"2019-07-12 02:15:00";"176";"2";"7"
3510;"2019-07-12 02:30:00";"168";"1";"7"
3510;"2019-07-12 02:45:00";"156";"0";"6"
3510;"2019-07-12 03:00:00";"160";"1";"7"
3510;"2019-07-12 03:15:00";"149";"1";"6"
3510;"2019-07-12 03:30:00";"173";"1";"7"
3510;"2019-07-12 03:45:00";"109";"0";"3"
3510;"2019-07-12 04:00:00";"100";"1";"4"
3510;"2019-07-12 04:15:00";"108";"1";"5"
3510;"2019-07-12 04:30:00";"144";"1";"6"
3510;"2019-07-12 04:45:00";"228";"2";"10"
3510;"2019-07-12 05:00:00";"160";"1";"7"
3510;"2019-07-12 05:15:00";"204";"1";"8"
3510;"2019-07-12 05:30:00";"212";"1";"8"
3510;"2019-07-12 05:45:00";"300";"1";"11"
3510;"2019-07-12 06:00:00";"416";"2";"15"
3510;"2019-07-12 06:15:00";"480";"2";"19"
3510;"2019-07-12 06:30:00";"768";"3";"28"
3510;"2019-07-12 06:45:00";"1387";"9";"49"
3510;"2019-07-12 07:00:00";"1783";"12";"63"
3510;"2019-07-12 07:15:00";"2328";"15";"79"
3510;"2019-07-12 07:30:00";"2300";"25";"79"
3510;"2019-07-12 07:45:00";"1948";"30";"72"
3510;"2019-07-12 08:00:00";"1788";"12";"63"
3510;"2019-07-12 08:15:00";"1928";"12";"66"
3510;"2019-07-12 08:30:00";"1539";"11";"54"
3510;"2019-07-12 08:45:00";"1693";"10";"58"
3510;"2019-07-12 09:00:00";"1924";"13";"67"
3510;"2019-07-12 09:15:00";"1860";"12";"64"
3510;"2019-07-12 09:30:00";"1729";"11";"60"
3510;"2019-07-12 09:45:00";"1692";"10";"60"
3510;"2019-07-12 10:00:00";"1608";"12";"56"
3510;"2019-07-12 10:15:00";"1533";"10";"53"
3510;"2019-07-12 10:30:00";"1440";"9";"52"
3510;"2019-07-12 10:45:00";"1444";"8";"52"
3510;"2019-07-12 11:00:00";"1383";"8";"49"
3510;"2019-07-12 11:15:00";"1567";"9";"56"
3510;"2019-07-12 11:30:00";"1624";"10";"56"
3510;"2019-07-12 11:45:00";"1596";"10";"56"
3510;"2019-07-12 12:00:00";"1652";"10";"59"
3510;"2019-07-12 12:15:00";"1756";"11";"59"
3510;"2019-07-12 12:30:00";"1656";"10";"59"
3510;"2019-07-12 12:45:00";"1792";"11";"62"
3510;"2019-07-12 13:00:00";"1668";"10";"59"
3510;"2019-07-12 13:15:00";"1583";"10";"54"
3510;"2019-07-12 13:30:00";"1740";"11";"61"
3510;"2019-07-12 13:45:00";"1696";"10";"60"
3510;"2019-07-12 14:00:00";"1772";"12";"60"
3510;"2019-07-12 14:15:00";"1904";"13";"66"
3510;"2019-07-12 14:30:00";"2204";"15";"75"
3510;"2019-07-12 14:45:00";"2061";"19";"74"
3510;"2019-07-12 15:00:00";"1696";"49";"77"
3510;"2019-07-12 15:15:00";"1828";"15";"65"
3510;"2019-07-12 15:30:00";"1972";"13";"66"
3510;"2019-07-12 15:45:00";"1452";"10";"51"
3510;"2019-07-12 16:00:00";"1567";"10";"55"
3510;"2019-07-12 16:15:00";"1403";"9";"49"
3510;"2019-07-12 16:30:00";"1644";"11";"58"
3510;"2019-07-12 16:45:00";"1588";"9";"56"
3510;"2019-07-12 17:00:00";"1629";"10";"57"
3510;"2019-07-12 17:15:00";"1528";"8";"54"
3510;"2019-07-12 17:30:00";"1501";"9";"53"
3510;"2019-07-12 17:45:00";"1612";"9";"56"
3510;"2019-07-12 18:00:00";"1592";"10";"57"
3510;"2019-07-12 18:15:00";"1699";"11";"60"
3510;"2019-07-12 18:30:00";"1732";"10";"60"
3510;"2019-07-12 18:45:00";"1647";"11";"59"
3510;"2019-07-12 19:00:00";"1464";"9";"51"
3510;"2019-07-12 19:15:00";"1376";"7";"49"
3510;"2019-07-12 19:30:00";"1608";"11";"57"
3510;"2019-07-12 19:45:00";"1629";"9";"57"
3510;"2019-07-12 20:00:00";"1524";"9";"53"
3510;"2019-07-12 20:15:00";"1664";"10";"58"
3510;"2019-07-12 20:30:00";"1644";"11";"59"
3510;"2019-07-12 20:45:00";"1652";"10";"57"
3510;"2019-07-12 21:00:00";"1569";"11";"55"
3510;"2019-07-12 21:15:00";"1652";"10";"57"
3510;"2019-07-12 21:30:00";"1613";"10";"57"
3510;"2019-07-12 21:45:00";"1600";"10";"57"
3510;"2019-07-12 22:00:00";"1360";"9";"49"
3510;"2019-07-12 22:15:00";"1404";"9";"49"
3510;"2019-07-12 22:30:00";"1112";"8";"41"
3510;"2019-07-12 22:45:00";"936";"6";"33"
3510;"2019-07-12 23:00:00";"601";"4";"21"
3510;"2019-07-12 23:15:00";"700";"4";"26"
3510;"2019-07-12 23:30:00";"636";"3";"23"
3510;"2019-07-12 23:45:00";"651";"3";"25"
3510;"2019-07-13 00:00:00";"580";"4";"22"
3510;"2019-07-13 00:15:00";"595";"4";"22"
3510;"2019-07-13 00:30:00";"608";"3";"22"
3510;"2019-07-13 00:45:00";"564";"2";"22"
3510;"2019-07-13 01:00:00";"488";"3";"18"
3510;"2019-07-13 01:15:00";"360";"1";"13"
3510;"2019-07-13 01:30:00";"432";"3";"16"
3510;"2019-07-13 01:45:00";"368";"2";"14"
3510;"2019-07-13 02:00:00";"280";"2";"11"
3510;"2019-07-13 02:15:00";"352";"2";"13"
3510;"2019-07-13 02:30:00";"256";"1";"10"
3510;"2019-07-13 02:45:00";"225";"2";"7"
3510;"2019-07-13 03:00:00";"269";"0";"9"
3510;"2019-07-13 03:15:00";"192";"1";"7"
3510;"2019-07-13 03:30:00";"240";"1";"10"
3510;"2019-07-13 03:45:00";"196";"1";"7"
3510;"2019-07-13 04:00:00";"188";"1";"8"
3510;"2019-07-13 04:15:00";"207";"0";"7"
3510;"2019-07-13 04:30:00";"180";"0";"6"
3510;"2019-07-13 04:45:00";"236";"1";"9"
3510;"2019-07-13 05:00:00";"197";"1";"7"
3510;"2019-07-13 05:15:00";"217";"1";"9"
3510;"2019-07-13 05:30:00";"173";"1";"7"
3510;"2019-07-13 05:45:00";"212";"1";"8"
3510;"2019-07-13 06:00:00";"264";"2";"10"
3510;"2019-07-13 06:15:00";"301";"2";"12"
3510;"2019-07-13 06:30:00";"351";"2";"13"
3510;"2019-07-13 06:45:00";"417";"2";"15"
3510;"2019-07-13 07:00:00";"454";"3";"16"
3510;"2019-07-13 07:15:00";"365";"2";"12"
3510;"2019-07-13 07:30:00";"451";"3";"17"
3510;"2019-07-13 07:45:00";"456";"3";"17"
3510;"2019-07-13 08:00:00";"432";"3";"15"
3510;"2019-07-13 08:15:00";"452";"3";"17"
3510;"2019-07-13 08:30:00";"505";"3";"18"
3510;"2019-07-13 08:45:00";"600";"2";"21"
3510;"2019-07-13 09:00:00";"648";"3";"23"
3510;"2019-07-13 09:15:00";"629";"3";"23"
3510;"2019-07-13 09:30:00";"720";"4";"27"
3510;"2019-07-13 09:45:00";"883";"5";"33"
3510;"2019-07-13 10:00:00";"1008";"6";"36"
3510;"2019-07-13 10:15:00";"872";"5";"33"
3510;"2019-07-13 10:30:00";"973";"5";"36"
3510;"2019-07-13 10:45:00";"984";"6";"36"
3510;"2019-07-13 11:00:00";"1168";"7";"42"
3510;"2019-07-13 11:15:00";"1189";"7";"42"
3510;"2019-07-13 11:30:00";"1176";"8";"42"
3510;"2019-07-13 11:45:00";"1404";"8";"50"
3510;"2019-07-13 12:00:00";"1380";"8";"49"
3510;"2019-07-13 12:15:00";"1236";"8";"44"
3510;"2019-07-13 12:30:00";"1595";"9";"55"
3510;"2019-07-13 12:45:00";"1348";"9";"48"
3510;"2019-07-13 13:00:00";"1325";"8";"48"
3510;"2019-07-13 13:15:00";"1420";"9";"50"
3510;"2019-07-13 13:30:00";"1523";"10";"54"
3510;"2019-07-13 13:45:00";"1384";"9";"48"
3510;"2019-07-13 14:00:00";"1475";"11";"52"
3510;"2019-07-13 14:15:00";"1400";"9";"50"
3510;"2019-07-13 14:30:00";"1648";"10";"58"
3510;"2019-07-13 14:45:00";"1311";"7";"46"
3510;"2019-07-13 15:00:00";"1123";"7";"41"
3510;"2019-07-13 15:15:00";"1100";"7";"40"
3510;"2019-07-13 15:30:00";"932";"6";"33"
3510;"2019-07-13 15:45:00";"904";"5";"33"
3510;"2019-07-13 16:00:00";"800";"5";"29"
3510;"2019-07-13 16:15:00";"829";"5";"30"
3510;"2019-07-13 16:30:00";"816";"5";"30"
3510;"2019-07-13 16:45:00";"948";"5";"34"
3510;"2019-07-13 17:00:00";"977";"5";"36"
3510;"2019-07-13 17:15:00";"924";"5";"34"
3510;"2019-07-13 17:30:00";"1036";"6";"38"
3510;"2019-07-13 17:45:00";"1113";"6";"40"
3510;"2019-07-13 18:00:00";"1256";"8";"45"
3510;"2019-07-13 18:15:00";"1162";"8";"42"
3510;"2019-07-13 18:30:00";"1268";"7";"44"
3510;"2019-07-13 18:45:00";"1153";"7";"41"
3510;"2019-07-13 19:00:00";"1256";"7";"45"
3510;"2019-07-13 19:15:00";"1343";"9";"47"
3510;"2019-07-13 19:30:00";"1301";"8";"46"
3510;"2019-07-13 19:45:00";"1311";"8";"47"
3510;"2019-07-13 20:00:00";"1352";"7";"47"
3510;"2019-07-13 20:15:00";"1488";"10";"53"
3510;"2019-07-13 20:30:00";"1361";"8";"48"
3510;"2019-07-13 20:45:00";"1404";"8";"50"
3510;"2019-07-13 21:00:00";"1545";"10";"54"
3510;"2019-07-13 21:15:00";"1448";"9";"51"
3510;"2019-07-13 21:30:00";"1524";"9";"53"
3510;"2019-07-13 21:45:00";"1488";"9";"53"
3510;"2019-07-13 22:00:00";"1360";"9";"49"
3510;"2019-07-13 22:15:00";"1368";"8";"49"
3510;"2019-07-13 22:30:00";"1324";"9";"47"
3510;"2019-07-13 22:45:00";"956";"6";"34"
3510;"2019-07-13 23:00:00";"729";"6";"27"
3510;"2019-07-13 23:15:00";"653";"4";"24"
3510;"2019-07-13 23:30:00";"861";"5";"31"
3510;"2019-07-13 23:45:00";"648";"4";"24"
3510;"2019-07-14 00:00:00";"679";"5";"24"
3510;"2019-07-14 00:15:00";"644";"4";"23"
3510;"2019-07-14 00:30:00";"695";"4";"26"
3510;"2019-07-14 00:45:00";"464";"2";"18"
3510;"2019-07-14 01:00:00";"660";"4";"24"
3510;"2019-07-14 01:15:00";"493";"3";"19"
3510;"2019-07-14 01:30:00";"528";"3";"21"
3510;"2019-07-14 01:45:00";"476";"3";"18"
3510;"2019-07-14 02:00:00";"396";"3";"16"
3510;"2019-07-14 02:15:00";"412";"2";"16"
3510;"2019-07-14 02:30:00";"368";"3";"15"
3510;"2019-07-14 02:45:00";"337";"2";"12"
3510;"2019-07-14 03:00:00";"276";"1";"10"
3510;"2019-07-14 03:15:00";"336";"3";"13"
3510;"2019-07-14 03:30:00";"197";"1";"7"
3510;"2019-07-14 03:45:00";"236";"1";"9"
3510;"2019-07-14 04:00:00";"236";"1";"10"
3510;"2019-07-14 04:15:00";"143";"1";"6"
3510;"2019-07-14 04:30:00";"144";"1";"6"
3510;"2019-07-14 04:45:00";"168";"2";"6"
3510;"2019-07-14 05:00:00";"212";"1";"7"
3510;"2019-07-14 05:15:00";"236";"0";"9"
3510;"2019-07-14 05:30:00";"192";"2";"8"
3510;"2019-07-14 05:45:00";"245";"2";"9"
3510;"2019-07-14 06:00:00";"187";"1";"6"
3510;"2019-07-14 06:15:00";"221";"0";"9"
3510;"2019-07-14 06:30:00";"255";"1";"11"
3510;"2019-07-14 06:45:00";"260";"1";"9"
3510;"2019-07-14 07:00:00";"296";"1";"11"
3510;"2019-07-14 07:15:00";"288";"1";"10"
3510;"2019-07-14 07:30:00";"312";"1";"12"
3510;"2019-07-14 07:45:00";"331";"2";"12"
3510;"2019-07-14 08:00:00";"296";"1";"12"
3510;"2019-07-14 08:15:00";"191";"1";"8"
3510;"2019-07-14 08:30:00";"240";"0";"8"
3510;"2019-07-14 08:45:00";"384";"1";"15"
3510;"2019-07-14 09:00:00";"485";"2";"18"
3510;"2019-07-14 09:15:00";"460";"2";"16"
3510;"2019-07-14 09:30:00";"437";"3";"15"
3510;"2019-07-14 09:45:00";"509";"3";"18"
3510;"2019-07-14 10:00:00";"584";"3";"21"
3510;"2019-07-14 10:15:00";"633";"3";"24"
3510;"2019-07-14 10:30:00";"701";"3";"25"
3510;"2019-07-14 10:45:00";"852";"5";"31"
3510;"2019-07-14 11:00:00";"879";"5";"31"
3510;"2019-07-14 11:15:00";"817";"4";"29"
3510;"2019-07-14 11:30:00";"1044";"7";"37"
3510;"2019-07-14 11:45:00";"1079";"6";"39"
3510;"2019-07-14 12:00:00";"1100";"6";"40"
3510;"2019-07-14 12:15:00";"1148";"8";"42"
3510;"2019-07-14 12:30:00";"1196";"7";"43"
3510;"2019-07-14 12:45:00";"1328";"9";"46"
3510;"2019-07-14 13:00:00";"1244";"7";"46"
3510;"2019-07-14 13:15:00";"1212";"7";"43"
3510;"2019-07-14 13:30:00";"1429";"9";"51"
3510;"2019-07-14 13:45:00";"1445";"9";"51"
3510;"2019-07-14 14:00:00";"1369";"9";"49"
3510;"2019-07-14 14:15:00";"1409";"9";"50"
3510;"2019-07-14 14:30:00";"1451";"9";"51"
3510;"2019-07-14 14:45:00";"1265";"8";"44"
3510;"2019-07-14 15:00:00";"1076";"6";"39"
3510;"2019-07-14 15:15:00";"880";"6";"31"
3510;"2019-07-14 15:30:00";"724";"3";"26"
3510;"2019-07-14 15:45:00";"731";"4";"26"
3510;"2019-07-14 16:00:00";"739";"4";"27"
3510;"2019-07-14 16:15:00";"696";"4";"25"
3510;"2019-07-14 16:30:00";"772";"4";"27"
3510;"2019-07-14 16:45:00";"829";"4";"30"
3510;"2019-07-14 17:00:00";"972";"7";"35"
3510;"2019-07-14 17:15:00";"1012";"5";"36"
3510;"2019-07-14 17:30:00";"992";"6";"36"
3510;"2019-07-14 17:45:00";"1135";"6";"41"
3510;"2019-07-14 18:00:00";"1292";"8";"46"
3510;"2019-07-14 18:15:00";"1365";"8";"48"
3510;"2019-07-14 18:30:00";"1336";"7";"48"
3510;"2019-07-14 18:45:00";"1384";"9";"50"
3510;"2019-07-14 19:00:00";"1440";"9";"51"
3510;"2019-07-14 19:15:00";"1316";"7";"49"
3510;"2019-07-14 19:30:00";"1404";"8";"49"
3510;"2019-07-14 19:45:00";"1436";"9";"51"
3510;"2019-07-14 20:00:00";"1487";"10";"52"
3510;"2019-07-14 20:15:00";"1595";"9";"57"
3510;"2019-07-14 20:30:00";"1633";"11";"58"
3510;"2019-07-14 20:45:00";"1844";"11";"65"
3510;"2019-07-14 21:00:00";"1660";"11";"58"
3510;"2019-07-14 21:15:00";"1663";"11";"58"
3510;"2019-07-14 21:30:00";"1832";"12";"64"
3510;"2019-07-14 21:45:00";"1404";"8";"50"
3510;"2019-07-14 22:00:00";"1449";"9";"52"
3510;"2019-07-14 22:15:00";"1292";"8";"46"
3510;"2019-07-14 22:30:00";"1289";"9";"45"
3510;"2019-07-14 22:45:00";"1149";"7";"42"
3510;"2019-07-14 23:00:00";"1024";"7";"37"
3510;"2019-07-14 23:15:00";"876";"6";"32"
3510;"2019-07-14 23:30:00";"980";"6";"35"
3510;"2019-07-14 23:45:00";"920";"5";"32"
3510;"2019-07-15 00:00:00";"924";"7";"34"
3510;"2019-07-15 00:15:00";"680";"4";"25"
3510;"2019-07-15 00:30:00";"592";"4";"22"
3510;"2019-07-15 00:45:00";"488";"2";"17"
3510;"2019-07-15 01:00:00";"501";"3";"18"
3510;"2019-07-15 01:15:00";"471";"2";"18"
3510;"2019-07-15 01:30:00";"360";"3";"13"
3510;"2019-07-15 01:45:00";"159";"1";"6"
3510;"2019-07-15 02:00:00";"112";"1";"5"
3510;"2019-07-15 02:15:00";"84";"0";"4"
3510;"2019-07-15 02:30:00";"80";"0";"4"
3510;"2019-07-15 02:45:00";"84";"0";"3"
3510;"2019-07-15 03:00:00";"56";"0";"3"
3510;"2019-07-15 03:15:00";"64";"0";"3"
3510;"2019-07-15 03:30:00";"84";"1";"3"
3510;"2019-07-15 03:45:00";"52";"0";"3"
3510;"2019-07-15 04:00:00";"34";"0";"2"
3510;"2019-07-15 04:15:00";"55";"0";"1"
3510;"2019-07-15 04:30:00";"51";"0";"2"
3510;"2019-07-15 04:45:00";"92";"0";"4"
3510;"2019-07-15 05:00:00";"112";"0";"5"
3510;"2019-07-15 05:15:00";"165";"1";"7"
3510;"2019-07-15 05:30:00";"200";"1";"7"
3510;"2019-07-15 05:45:00";"252";"1";"9"
3510;"2019-07-15 06:00:00";"264";"1";"10"
3510;"2019-07-15 06:15:00";"460";"2";"16"
3510;"2019-07-15 06:30:00";"793";"4";"29"
3510;"2019-07-15 06:45:00";"1224";"8";"44"
3510;"2019-07-15 07:00:00";"1748";"11";"61"
3510;"2019-07-15 07:15:00";"1908";"14";"66"
3510;"2019-07-15 07:30:00";"1468";"11";"51"
3510;"2019-07-15 07:45:00";"1880";"17";"67"
3510;"2019-07-15 08:00:00";"1959";"34";"77"
3510;"2019-07-15 08:15:00";"1504";"39";"68"
3510;"2019-07-15 08:30:00";"1368";"9";"49"
3510;"2019-07-15 08:45:00";"1764";"12";"61"
3510;"2019-07-15 09:00:00";"1772";"12";"60"
3510;"2019-07-15 09:15:00";"1656";"10";"58"
3510;"2019-07-15 09:30:00";"2160";"14";"73"
3510;"2019-07-15 09:45:00";"1931";"12";"66"
3510;"2019-07-15 10:00:00";"1948";"13";"67"
3510;"2019-07-15 10:15:00";"1531";"11";"54"
3510;"2019-07-15 10:30:00";"1648";"11";"57"
3510;"2019-07-15 10:45:00";"1695";"10";"60"
3510;"2019-07-15 11:00:00";"1557";"9";"54"
3510;"2019-07-15 11:15:00";"1532";"9";"53"
3510;"2019-07-15 11:30:00";"1613";"10";"57"
3510;"2019-07-15 11:45:00";"1529";"9";"53"
3510;"2019-07-15 12:00:00";"1641";"10";"58"
3510;"2019-07-15 12:15:00";"1665";"10";"57"
3510;"2019-07-15 12:30:00";"1488";"9";"51"
3510;"2019-07-15 12:45:00";"1552";"10";"54"
3510;"2019-07-15 13:00:00";"1556";"10";"54"
3510;"2019-07-15 13:15:00";"1548";"10";"56"
3510;"2019-07-15 13:30:00";"1619";"10";"56"
3510;"2019-07-15 13:45:00";"1773";"11";"62"
3510;"2019-07-15 14:00:00";"1715";"10";"60"
3510;"2019-07-15 14:15:00";"2004";"13";"68"
3510;"2019-07-15 14:30:00";"1796";"12";"64"
3510;"2019-07-15 14:45:00";"1800";"11";"63"
3510;"2019-07-15 15:00:00";"1653";"10";"57"
3510;"2019-07-15 15:15:00";"1885";"12";"66"
3510;"2019-07-15 15:30:00";"2004";"13";"69"
3510;"2019-07-15 15:45:00";"1649";"10";"57"
3510;"2019-07-15 16:00:00";"1848";"10";"64"
3510;"2019-07-15 16:15:00";"1455";"8";"53"
3510;"2019-07-15 16:30:00";"1705";"10";"59"
3510;"2019-07-15 16:45:00";"1523";"10";"54"
3510;"2019-07-15 17:00:00";"1516";"9";"55"
3510;"2019-07-15 17:15:00";"1555";"10";"55"
3510;"2019-07-15 17:30:00";"1696";"10";"59"
3510;"2019-07-15 17:45:00";"1700";"11";"59"
3510;"2019-07-15 18:00:00";"1736";"11";"60"
3510;"2019-07-15 18:15:00";"1660";"10";"58"
3510;"2019-07-15 18:30:00";"1861";"10";"64"
3510;"2019-07-15 18:45:00";"1816";"12";"62"
3510;"2019-07-15 19:00:00";"1847";"11";"64"
3510;"2019-07-15 19:15:00";"1659";"10";"58"
3510;"2019-07-15 19:30:00";"1777";"10";"62"
3510;"2019-07-15 19:45:00";"1692";"10";"61"
3510;"2019-07-15 20:00:00";"1660";"11";"58"
3510;"2019-07-15 20:15:00";"1797";"11";"61"
3510;"2019-07-15 20:30:00";"1741";"11";"60"
3510;"2019-07-15 20:45:00";"1648";"12";"57"
3510;"2019-07-15 21:00:00";"1688";"11";"59"
3510;"2019-07-15 21:15:00";"1595";"11";"55"
3510;"2019-07-15 21:30:00";"1504";"9";"52"
3510;"2019-07-15 21:45:00";"1317";"8";"48"
3510;"2019-07-15 22:00:00";"1072";"8";"39"
3510;"2019-07-15 22:15:00";"1128";"7";"40"
3510;"2019-07-15 22:30:00";"1023";"6";"36"
3510;"2019-07-15 22:45:00";"756";"4";"28"
3510;"2019-07-15 23:00:00";"641";"4";"23"
3510;"2019-07-15 23:15:00";"601";"3";"23"
3510;"2019-07-15 23:30:00";"601";"4";"21"
3510;"2019-07-15 23:45:00";"496";"2";"17"
3510;"2019-07-16 00:00:00";"461";"4";"17"
3510;"2019-07-16 00:15:00";"388";"3";"14"
3510;"2019-07-16 00:30:00";"357";"2";"13"
3510;"2019-07-16 00:45:00";"308";"1";"11"
3510;"2019-07-16 01:00:00";"285";"1";"11"
3510;"2019-07-16 01:15:00";"156";"1";"6"
3510;"2019-07-16 01:30:00";"144";"1";"6"
3510;"2019-07-16 01:45:00";"108";"0";"4"
3510;"2019-07-16 02:00:00";"112";"0";"5"
3510;"2019-07-16 02:15:00";"116";"1";"4"
3510;"2019-07-16 02:30:00";"60";"0";"3"
3510;"2019-07-16 02:45:00";"76";"0";"3"
3510;"2019-07-16 03:00:00";"51";"0";"3"
3510;"2019-07-16 03:15:00";"51";"0";"4"
3510;"2019-07-16 03:30:00";"84";"0";"3"
3510;"2019-07-16 03:45:00";"81";"0";"3"
3510;"2019-07-16 04:00:00";"60";"0";"3"
3510;"2019-07-16 04:15:00";"52";"0";"3"
3510;"2019-07-16 04:30:00";"77";"0";"2"
3510;"2019-07-16 04:45:00";"74";"0";"2"
3510;"2019-07-16 05:00:00";"117";"1";"5"
3510;"2019-07-16 05:15:00";"165";"1";"6"
3510;"2019-07-16 05:30:00";"168";"1";"6"
3510;"2019-07-16 05:45:00";"281";"1";"10"
3510;"2019-07-16 06:00:00";"296";"1";"10"
3510;"2019-07-16 06:15:00";"456";"2";"18"
3510;"2019-07-16 06:30:00";"769";"3";"28"
3510;"2019-07-16 06:45:00";"1248";"7";"44"
3510;"2019-07-16 07:00:00";"1764";"12";"61"
3510;"2019-07-16 07:15:00";"2224";"16";"75"
3510;"2019-07-16 07:30:00";"2321";"19";"79"
3510;"2019-07-16 07:45:00";"2119";"15";"74"
3510;"2019-07-16 08:00:00";"1972";"15";"68"
3510;"2019-07-16 08:15:00";"1976";"14";"68"
3510;"2019-07-16 08:30:00";"1836";"16";"65"
3510;"2019-07-16 08:45:00";"1660";"12";"59"
3510;"2019-07-16 09:00:00";"1970";"12";"67"
3510;"2019-07-16 09:15:00";"1872";"12";"65"
3510;"2019-07-16 09:30:00";"1849";"11";"64"
3510;"2019-07-16 09:45:00";"2240";"14";"75"
3510;"2019-07-16 10:00:00";"1800";"12";"63"
3510;"2019-07-16 10:15:00";"1504";"9";"55"
3510;"2019-07-16 10:30:00";"1577";"9";"56"
3510;"2019-07-16 10:45:00";"1628";"11";"58"
3510;"2019-07-16 11:00:00";"1664";"11";"58"
3510;"2019-07-16 11:15:00";"1576";"9";"56"
3510;"2019-07-16 11:30:00";"1764";"11";"61"
3510;"2019-07-16 11:45:00";"1568";"10";"55"
3510;"2019-07-16 12:00:00";"1729";"11";"61"
3510;"2019-07-16 12:15:00";"1576";"10";"56"
3510;"2019-07-16 12:30:00";"1681";"12";"59"
3510;"2019-07-16 12:45:00";"1828";"11";"63"
3510;"2019-07-16 13:00:00";"1492";"10";"53"
3510;"2019-07-16 13:15:00";"1711";"11";"59"
3510;"2019-07-16 13:30:00";"1625";"11";"56"
3510;"2019-07-16 13:45:00";"1770";"11";"61"
3510;"2019-07-16 14:00:00";"1720";"11";"61"
3510;"2019-07-16 14:15:00";"1840";"12";"63"
3510;"2019-07-16 14:30:00";"1948";"12";"67"
3510;"2019-07-16 14:45:00";"1736";"11";"61"
3510;"2019-07-16 15:00:00";"1980";"13";"67"
3510;"2019-07-16 15:15:00";"1744";"10";"61"
3510;"2019-07-16 15:30:00";"2024";"12";"68"
3510;"2019-07-16 15:45:00";"1644";"10";"56"
3510;"2019-07-16 16:00:00";"1865";"10";"63"
3510;"2019-07-16 16:15:00";"1516";"9";"53"
3510;"2019-07-16 16:30:00";"1559";"10";"56"
3510;"2019-07-16 16:45:00";"1720";"11";"61"
3510;"2019-07-16 17:00:00";"1591";"9";"56"
3510;"2019-07-16 17:15:00";"1456";"8";"52"
3510;"2019-07-16 17:30:00";"1792";"11";"61"
3510;"2019-07-16 17:45:00";"1752";"12";"60"
3510;"2019-07-16 18:00:00";"1704";"11";"60"
3510;"2019-07-16 18:15:00";"1776";"12";"61"
3510;"2019-07-16 18:30:00";"2031";"12";"69"
3510;"2019-07-16 18:45:00";"1824";"11";"64"
3510;"2019-07-16 19:00:00";"1824";"12";"63"
3510;"2019-07-16 19:15:00";"1873";"11";"64"
3510;"2019-07-16 19:30:00";"1843";"11";"64"
3510;"2019-07-16 19:45:00";"1721";"10";"61"
3510;"2019-07-16 20:00:00";"1765";"11";"61"
3510;"2019-07-16 20:15:00";"1715";"11";"59"
3510;"2019-07-16 20:30:00";"1840";"11";"63"
3510;"2019-07-16 20:45:00";"1725";"12";"60"
3510;"2019-07-16 21:00:00";"1652";"11";"57"
3510;"2019-07-16 21:15:00";"1548";"10";"55"
3510;"2019-07-16 21:30:00";"1620";"11";"57"
3510;"2019-07-16 21:45:00";"1384";"10";"49"
3510;"2019-07-16 22:00:00";"1241";"7";"45"
3510;"2019-07-16 22:15:00";"1048";"6";"38"
3510;"2019-07-16 22:30:00";"1144";"7";"40"
3510;"2019-07-16 22:45:00";"764";"5";"27"
3510;"2019-07-16 23:00:00";"792";"5";"29"
3510;"2019-07-16 23:15:00";"657";"3";"24"
3510;"2019-07-16 23:30:00";"612";"3";"22"
3510;"2019-07-16 23:45:00";"652";"3";"24"
3510;"2019-07-17 00:00:00";"548";"3";"20"
3510;"2019-07-17 00:15:00";"464";"3";"18"
3510;"2019-07-17 00:30:00";"535";"3";"20"
3510;"2019-07-17 00:45:00";"464";"3";"17"
3510;"2019-07-17 01:00:00";"337";"2";"13"
3510;"2019-07-17 01:15:00";"300";"1";"12"
3510;"2019-07-17 01:30:00";"217";"1";"8"
3510;"2019-07-17 01:45:00";"136";"0";"6"
3510;"2019-07-17 02:00:00";"116";"1";"4"
3510;"2019-07-17 02:15:00";"124";"1";"5"
3510;"2019-07-17 02:30:00";"108";"0";"5"
3510;"2019-07-17 02:45:00";"80";"1";"5"
3510;"2019-07-17 03:00:00";"95";"1";"5"
3510;"2019-07-17 03:15:00";"67";"0";"3"
3510;"2019-07-17 03:30:00";"47";"0";"3"
3510;"2019-07-17 03:45:00";"81";"0";"5"
3510;"2019-07-17 04:00:00";"36";"0";"2"
3510;"2019-07-17 04:15:00";"55";"1";"2"
3510;"2019-07-17 04:30:00";"74";"0";"2"
3510;"2019-07-17 04:45:00";"83";"0";"4"
3510;"2019-07-17 05:00:00";"84";"0";"4"
3510;"2019-07-17 05:15:00";"148";"1";"7"
3510;"2019-07-17 05:30:00";"168";"1";"7"
3510;"2019-07-17 05:45:00";"249";"1";"9"
3510;"2019-07-17 06:00:00";"284";"2";"10"
3510;"2019-07-17 06:15:00";"348";"2";"14"
3510;"2019-07-17 06:30:00";"732";"4";"27"
3510;"2019-07-17 06:45:00";"1268";"8";"45"
3510;"2019-07-17 07:00:00";"1688";"12";"59"
3510;"2019-07-17 07:15:00";"1959";"13";"67"
3510;"2019-07-17 07:30:00";"2380";"19";"80"
3510;"2019-07-17 07:45:00";"2132";"15";"73"
3510;"2019-07-17 08:00:00";"2184";"20";"76"
3510;"2019-07-17 08:15:00";"1888";"13";"65"
3510;"2019-07-17 08:30:00";"1792";"11";"62"
3510;"2019-07-17 08:45:00";"1865";"13";"64"
3510;"2019-07-17 09:00:00";"1912";"18";"68"
3510;"2019-07-17 09:15:00";"1916";"14";"67"
3510;"2019-07-17 09:30:00";"1659";"11";"58"
3510;"2019-07-17 09:45:00";"1777";"11";"63"
3510;"2019-07-17 10:00:00";"1555";"9";"55"
3510;"2019-07-17 10:15:00";"1508";"10";"53"
3510;"2019-07-17 10:30:00";"1592";"11";"55"
3510;"2019-07-17 10:45:00";"1719";"10";"61"
3510;"2019-07-17 11:00:00";"1675";"11";"58"
3510;"2019-07-17 11:15:00";"1585";"10";"55"
3510;"2019-07-17 11:30:00";"1488";"10";"52"
3510;"2019-07-17 11:45:00";"1664";"11";"57"
3510;"2019-07-17 12:00:00";"1696";"11";"60"
3510;"2019-07-17 12:15:00";"1592";"9";"56"
3510;"2019-07-17 12:30:00";"1637";"11";"58"
3510;"2019-07-17 12:45:00";"1524";"9";"54"
3510;"2019-07-17 13:00:00";"1733";"11";"61"
3510;"2019-07-17 13:15:00";"1580";"12";"56"
3510;"2019-07-17 13:30:00";"1721";"10";"60"
3510;"2019-07-17 13:45:00";"1581";"10";"55"
3510;"2019-07-17 14:00:00";"1672";"11";"59"
3510;"2019-07-17 14:15:00";"1905";"13";"66"
3510;"2019-07-17 14:30:00";"2012";"13";"70"
3510;"2019-07-17 14:45:00";"1788";"11";"62"
3510;"2019-07-17 15:00:00";"1897";"12";"64"
3510;"2019-07-17 15:15:00";"1796";"11";"63"
3510;"2019-07-17 15:30:00";"2104";"13";"72"
3510;"2019-07-17 15:45:00";"1780";"11";"62"
3510;"2019-07-17 16:00:00";"1596";"9";"57"
3510;"2019-07-17 16:15:00";"1488";"8";"53"
3510;"2019-07-17 16:30:00";"1549";"9";"55"
3510;"2019-07-17 16:45:00";"1649";"10";"58"
3510;"2019-07-17 17:00:00";"1668";"9";"58"
3510;"2019-07-17 17:15:00";"1484";"10";"52"
3510;"2019-07-17 17:30:00";"1695";"11";"58"
3510;"2019-07-17 17:45:00";"1856";"12";"65"
3510;"2019-07-17 18:00:00";"1863";"12";"64"
3510;"2019-07-17 18:15:00";"1904";"11";"64"
3510;"2019-07-17 18:30:00";"1924";"12";"66"
3510;"2019-07-17 18:45:00";"1848";"11";"65"
3510;"2019-07-17 19:00:00";"2028";"13";"69"
3510;"2019-07-17 19:15:00";"1919";"12";"67"
3510;"2019-07-17 19:30:00";"1695";"10";"59"
3510;"2019-07-17 19:45:00";"1908";"11";"67"
3510;"2019-07-17 20:00:00";"1784";"11";"62"
3510;"2019-07-17 20:15:00";"1803";"11";"63"
3510;"2019-07-17 20:30:00";"1867";"12";"64"
3510;"2019-07-17 20:45:00";"1776";"12";"62"
3510;"2019-07-17 21:00:00";"1663";"11";"57"
3510;"2019-07-17 21:15:00";"1675";"10";"58"
3510;"2019-07-17 21:30:00";"1524";"9";"54"
3510;"2019-07-17 21:45:00";"1404";"9";"50"
3510;"2019-07-17 22:00:00";"1128";"7";"41"
3510;"2019-07-17 22:15:00";"1131";"8";"41"
3510;"2019-07-17 22:30:00";"1133";"8";"41"
3510;"2019-07-17 22:45:00";"856";"5";"32"
3510;"2019-07-17 23:00:00";"725";"5";"26"
3510;"2019-07-17 23:15:00";"705";"5";"26"
3510;"2019-07-17 23:30:00";"595";"3";"21"
3510;"2019-07-17 23:45:00";"612";"4";"22"
3510;"2019-07-18 00:00:00";"676";"4";"25"
3510;"2019-07-18 00:15:00";"583";"3";"23"
3510;"2019-07-18 00:30:00";"532";"3";"19"
3510;"2019-07-18 00:45:00";"424";"2";"16"
3510;"2019-07-18 01:00:00";"412";"3";"16"
3510;"2019-07-18 01:15:00";"229";"1";"8"
3510;"2019-07-18 01:30:00";"212";"1";"8"
3510;"2019-07-18 01:45:00";"96";"1";"4"
3510;"2019-07-18 02:00:00";"131";"1";"5"
3510;"2019-07-18 02:15:00";"77";"0";"3"
3510;"2019-07-18 02:30:00";"83";"0";"3"
3510;"2019-07-18 02:45:00";"96";"1";"4"
3510;"2019-07-18 03:00:00";"72";"0";"4"
3510;"2019-07-18 03:15:00";"60";"0";"3"
3510;"2019-07-18 03:30:00";"60";"1";"3"
3510;"2019-07-18 03:45:00";"48";"0";"1"
3510;"2019-07-18 04:00:00";"72";"1";"3"
3510;"2019-07-18 04:15:00";"72";"0";"3"
3510;"2019-07-18 04:30:00";"92";"0";"3"
3510;"2019-07-18 04:45:00";"128";"0";"4"
3510;"2019-07-18 05:00:00";"128";"0";"4"
3510;"2019-07-18 05:15:00";"89";"0";"3"
3510;"2019-07-18 05:30:00";"168";"1";"6"
3510;"2019-07-18 05:45:00";"232";"1";"10"
3510;"2019-07-18 06:00:00";"356";"2";"13"
3510;"2019-07-18 06:15:00";"493";"2";"18"
3510;"2019-07-18 06:30:00";"763";"3";"28"
3510;"2019-07-18 06:45:00";"1308";"8";"48"
3510;"2019-07-18 07:00:00";"1800";"11";"63"
3510;"2019-07-18 07:15:00";"2308";"16";"78"
3510;"2019-07-18 07:30:00";"2129";"16";"73"
3510;"2019-07-18 07:45:00";"2229";"17";"76"
3510;"2019-07-18 08:00:00";"1969";"13";"68"
3510;"2019-07-18 08:15:00";"1816";"12";"63"
3510;"2019-07-18 08:30:00";"1972";"14";"68"
3510;"2019-07-18 08:45:00";"1925";"13";"66"
3510;"2019-07-18 09:00:00";"1884";"13";"66"
3510;"2019-07-18 09:15:00";"1992";"14";"69"
3510;"2019-07-18 09:30:00";"1844";"13";"64"
3510;"2019-07-18 09:45:00";"2052";"12";"71"
3510;"2019-07-18 10:00:00";"1836";"12";"63"
3510;"2019-07-18 10:15:00";"1565";"10";"54"
3510;"2019-07-18 10:30:00";"1544";"11";"54"
3510;"2019-07-18 10:45:00";"1351";"8";"48"
3510;"2019-07-18 11:00:00";"1661";"8";"57"
3510;"2019-07-18 11:15:00";"1368";"8";"48"
3510;"2019-07-18 11:30:00";"1556";"10";"56"
3510;"2019-07-18 11:45:00";"1523";"10";"54"
3510;"2019-07-18 12:00:00";"1512";"16";"56"
3510;"2019-07-18 12:15:00";"1441";"16";"54"
3510;"2019-07-18 12:30:00";"1459";"12";"54"
3510;"2019-07-18 12:45:00";"1409";"11";"51"
3510;"2019-07-18 13:00:00";"1600";"12";"58"
3510;"2019-07-18 13:15:00";"1504";"12";"54"
3510;"2019-07-18 13:30:00";"1644";"13";"58"
3510;"2019-07-18 13:45:00";"1660";"10";"58"
3510;"2019-07-18 14:00:00";"1732";"10";"60"
3510;"2019-07-18 14:15:00";"1884";"11";"65"
3510;"2019-07-18 14:30:00";"1901";"12";"66"
3510;"2019-07-18 14:45:00";"1696";"12";"63"
3510;"2019-07-18 15:00:00";"1720";"10";"60"
3510;"2019-07-18 15:15:00";"1836";"12";"63"
3510;"2019-07-18 15:30:00";"1880";"12";"65"
3510;"2019-07-18 15:45:00";"1807";"10";"62"
3510;"2019-07-18 16:00:00";"1688";"10";"60"
3510;"2019-07-18 16:15:00";"1719";"11";"60"
3510;"2019-07-18 16:30:00";"1577";"9";"56"
3510;"2019-07-18 16:45:00";"1580";"10";"56"
3510;"2019-07-18 17:00:00";"1644";"9";"57"
3510;"2019-07-18 17:15:00";"1617";"10";"55"
3510;"2019-07-18 17:30:00";"1588";"9";"55"
3510;"2019-07-18 17:45:00";"1668";"11";"59"
3510;"2019-07-18 18:00:00";"1820";"12";"63"
3510;"2019-07-18 18:15:00";"1812";"10";"64"
3510;"2019-07-18 18:30:00";"1884";"12";"64"
3510;"2019-07-18 18:45:00";"2056";"13";"71"
3510;"2019-07-18 19:00:00";"1732";"10";"60"
3510;"2019-07-18 19:15:00";"1675";"10";"59"
3510;"2019-07-18 19:30:00";"1915";"11";"65"
3510;"2019-07-18 19:45:00";"1896";"11";"66"
3510;"2019-07-18 20:00:00";"1792";"10";"62"
3510;"2019-07-18 20:15:00";"2029";"14";"71"
3510;"2019-07-18 20:30:00";"1752";"11";"61"
3510;"2019-07-18 20:45:00";"1744";"12";"61"
3510;"2019-07-18 21:00:00";"1824";"11";"62"
3510;"2019-07-18 21:15:00";"1688";"11";"58"
3510;"2019-07-18 21:30:00";"1577";"10";"55"
3510;"2019-07-18 21:45:00";"1393";"9";"49"
3510;"2019-07-18 22:00:00";"1272";"8";"46"
3510;"2019-07-18 22:15:00";"1120";"6";"42"
3510;"2019-07-18 22:30:00";"1017";"6";"38"
3510;"2019-07-18 22:45:00";"820";"5";"30"
3510;"2019-07-18 23:00:00";"688";"4";"26"
3510;"2019-07-18 23:15:00";"809";"5";"30"
3510;"2019-07-18 23:30:00";"616";"4";"22"
3510;"2019-07-18 23:45:00";"659";"4";"25"
3510;"2019-07-19 00:00:00";"680";"4";"24"
3510;"2019-07-19 00:15:00";"604";"4";"22"
3510;"2019-07-19 00:30:00";"572";"3";"22"
3510;"2019-07-19 00:45:00";"520";"3";"19"
3510;"2019-07-19 01:00:00";"333";"2";"11"
3510;"2019-07-19 01:15:00";"365";"2";"13"
3510;"2019-07-19 01:30:00";"364";"2";"14"
3510;"2019-07-19 01:45:00";"216";"1";"8"
3510;"2019-07-19 02:00:00";"177";"1";"7"
3510;"2019-07-19 02:15:00";"164";"1";"6"
3510;"2019-07-19 02:30:00";"160";"1";"6"
3510;"2019-07-19 02:45:00";"160";"1";"7"
3510;"2019-07-19 03:00:00";"136";"1";"5"
3510;"2019-07-19 03:15:00";"108";"1";"4"
3510;"2019-07-19 03:30:00";"120";"1";"5"
3510;"2019-07-19 03:45:00";"51";"0";"2"
3510;"2019-07-19 04:00:00";"60";"0";"3"
3510;"2019-07-19 04:15:00";"112";"1";"5"
3510;"2019-07-19 04:30:00";"92";"0";"4"
3510;"2019-07-19 04:45:00";"100";"0";"4"
3510;"2019-07-19 05:00:00";"128";"1";"6"
3510;"2019-07-19 05:15:00";"180";"1";"7"
3510;"2019-07-19 05:30:00";"180";"1";"7"
3510;"2019-07-19 05:45:00";"247";"1";"9"
3510;"2019-07-19 06:00:00";"252";"2";"9"
3510;"2019-07-19 06:15:00";"436";"2";"16"
3510;"2019-07-19 06:30:00";"760";"4";"28"
3510;"2019-07-19 06:45:00";"1208";"8";"43"
3510;"2019-07-19 07:00:00";"1644";"12";"57"
3510;"2019-07-19 07:15:00";"2231";"15";"74"
3510;"2019-07-19 07:30:00";"2200";"16";"75"
3510;"2019-07-19 07:45:00";"2010";"15";"69"
3510;"2019-07-19 08:00:00";"1972";"13";"68"
3510;"2019-07-19 08:15:00";"1856";"12";"64"
3510;"2019-07-19 08:30:00";"1847";"12";"65"
3510;"2019-07-19 08:45:00";"1837";"13";"63"
3510;"2019-07-19 09:00:00";"2045";"14";"69"
3510;"2019-07-19 09:15:00";"1936";"12";"67"
3510;"2019-07-19 09:30:00";"1564";"10";"56"
3510;"2019-07-19 09:45:00";"1620";"10";"56"
3510;"2019-07-19 10:00:00";"1608";"10";"56"
3510;"2019-07-19 10:15:00";"1380";"9";"49"
3510;"2019-07-19 10:30:00";"1457";"8";"50"
3510;"2019-07-19 10:45:00";"1412";"9";"49"
3510;"2019-07-19 11:00:00";"1451";"9";"51"
3510;"2019-07-19 11:15:00";"1416";"9";"50"
3510;"2019-07-19 11:30:00";"1405";"9";"49"
3510;"2019-07-19 11:45:00";"1552";"9";"55"
3510;"2019-07-19 12:00:00";"1448";"9";"51"
3510;"2019-07-19 12:15:00";"1628";"11";"57"
3510;"2019-07-19 12:30:00";"1379";"8";"50"
3510;"2019-07-19 12:45:00";"1424";"9";"51"
3510;"2019-07-19 13:00:00";"1572";"9";"55"
3510;"2019-07-19 13:15:00";"1500";"9";"53"
3510;"2019-07-19 13:30:00";"1832";"12";"64"
3510;"2019-07-19 13:45:00";"1756";"11";"60"
3510;"2019-07-19 14:00:00";"1813";"11";"62"
3510;"2019-07-19 14:15:00";"1999";"13";"69"
3510;"2019-07-19 14:30:00";"1907";"12";"65"
3510;"2019-07-19 14:45:00";"1821";"11";"64"
3510;"2019-07-19 15:00:00";"1849";"11";"65"
3510;"2019-07-19 15:15:00";"1757";"11";"60"
3510;"2019-07-19 15:30:00";"1789";"11";"63"
3510;"2019-07-19 15:45:00";"1644";"10";"58"
3510;"2019-07-19 16:00:00";"1516";"9";"54"
3510;"2019-07-19 16:15:00";"1337";"9";"47"
3510;"2019-07-19 16:30:00";"1373";"8";"48"
3510;"2019-07-19 16:45:00";"1608";"9";"56"
3510;"2019-07-19 17:00:00";"1485";"9";"52"
3510;"2019-07-19 17:15:00";"1417";"8";"51"
3510;"2019-07-19 17:30:00";"1596";"10";"57"
3510;"2019-07-19 17:45:00";"1580";"9";"55"
3510;"2019-07-19 18:00:00";"1536";"10";"54"
3510;"2019-07-19 18:15:00";"1580";"9";"55"
3510;"2019-07-19 18:30:00";"1681";"10";"58"
3510;"2019-07-19 18:45:00";"1668";"11";"58"
3510;"2019-07-19 19:00:00";"1568";"9";"55"
3510;"2019-07-19 19:15:00";"1616";"10";"56"
3510;"2019-07-19 19:30:00";"1491";"8";"53"
3510;"2019-07-19 19:45:00";"1420";"8";"50"
3510;"2019-07-19 20:00:00";"1620";"9";"57"
3510;"2019-07-19 20:15:00";"1592";"9";"57"
3510;"2019-07-19 20:30:00";"1593";"10";"56"
3510;"2019-07-19 20:45:00";"1616";"10";"56"
3510;"2019-07-19 21:00:00";"1616";"9";"56"
3510;"2019-07-19 21:15:00";"1508";"11";"53"
3510;"2019-07-19 21:30:00";"1630";"10";"57"
3510;"2019-07-19 21:45:00";"1405";"9";"49"
3510;"2019-07-19 22:00:00";"1309";"8";"46"
3510;"2019-07-19 22:15:00";"1012";"6";"37"
3510;"2019-07-19 22:30:00";"1117";"7";"40"
3510;"2019-07-19 22:45:00";"728";"5";"27"
3510;"2019-07-19 23:00:00";"740";"5";"27"
3510;"2019-07-19 23:15:00";"529";"3";"20"
3510;"2019-07-19 23:30:00";"632";"4";"22"
3510;"2019-07-19 23:45:00";"600";"3";"22"
3510;"2019-07-20 00:00:00";"576";"3";"21"
3510;"2019-07-20 00:15:00";"501";"2";"18"
3510;"2019-07-20 00:30:00";"577";"3";"21"
3510;"2019-07-20 00:45:00";"572";"3";"21"
3510;"2019-07-20 01:00:00";"520";"3";"20"
3510;"2019-07-20 01:15:00";"431";"3";"16"
3510;"2019-07-20 01:30:00";"432";"2";"15"
3510;"2019-07-20 01:45:00";"399";"2";"14"
3510;"2019-07-20 02:00:00";"352";"2";"13"
3510;"2019-07-20 02:15:00";"264";"1";"10"
3510;"2019-07-20 02:30:00";"236";"1";"9"
3510;"2019-07-20 02:45:00";"260";"2";"10"
3510;"2019-07-20 03:00:00";"268";"1";"9"
3510;"2019-07-20 03:15:00";"199";"1";"6"
3510;"2019-07-20 03:30:00";"144";"1";"6"
3510;"2019-07-20 03:45:00";"131";"0";"5"
3510;"2019-07-20 04:00:00";"163";"1";"6"
3510;"2019-07-20 04:15:00";"164";"1";"7"
3510;"2019-07-20 04:30:00";"151";"0";"5"
3510;"2019-07-20 04:45:00";"120";"1";"6"
3510;"2019-07-20 05:00:00";"123";"1";"5"
3510;"2019-07-20 05:15:00";"128";"0";"5"
3510;"2019-07-20 05:30:00";"124";"1";"5"
3510;"2019-07-20 05:45:00";"192";"1";"8"
3510;"2019-07-20 06:00:00";"160";"1";"6"
3510;"2019-07-20 06:15:00";"235";"2";"9"
3510;"2019-07-20 06:30:00";"308";"2";"11"
3510;"2019-07-20 06:45:00";"309";"1";"12"
3510;"2019-07-20 07:00:00";"304";"1";"11"
3510;"2019-07-20 07:15:00";"372";"2";"14"
3510;"2019-07-20 07:30:00";"433";"2";"17"
3510;"2019-07-20 07:45:00";"532";"3";"19"
3510;"2019-07-20 08:00:00";"412";"2";"14"
3510;"2019-07-20 08:15:00";"465";"3";"17"
3510;"2019-07-20 08:30:00";"463";"3";"18"
3510;"2019-07-20 08:45:00";"529";"2";"20"
3510;"2019-07-20 09:00:00";"592";"4";"23"
3510;"2019-07-20 09:15:00";"564";"2";"22"
3510;"2019-07-20 09:30:00";"744";"4";"26"
3510;"2019-07-20 09:45:00";"916";"4";"33"
3510;"2019-07-20 10:00:00";"860";"5";"31"
3510;"2019-07-20 10:15:00";"880";"6";"31"
3510;"2019-07-20 10:30:00";"916";"6";"33"
3510;"2019-07-20 10:45:00";"836";"5";"30"
3510;"2019-07-20 11:00:00";"996";"6";"36"
3510;"2019-07-20 11:15:00";"928";"5";"34"
3510;"2019-07-20 11:30:00";"1132";"7";"41"
3510;"2019-07-20 11:45:00";"1136";"8";"39"
3510;"2019-07-20 12:00:00";"1040";"6";"38"
3510;"2019-07-20 12:15:00";"1397";"8";"49"
3510;"2019-07-20 12:30:00";"1211";"7";"43"
3510;"2019-07-20 12:45:00";"1332";"8";"48"
3510;"2019-07-20 13:00:00";"1349";"9";"49"
3510;"2019-07-20 13:15:00";"1317";"9";"47"
3510;"2019-07-20 13:30:00";"1345";"8";"47"
3510;"2019-07-20 13:45:00";"1409";"10";"50"
3510;"2019-07-20 14:00:00";"1276";"8";"47"
3510;"2019-07-20 14:15:00";"1396";"9";"50"
3510;"2019-07-20 14:30:00";"1308";"8";"47"
3510;"2019-07-20 14:45:00";"1308";"8";"46"
3510;"2019-07-20 15:00:00";"1012";"6";"37"
3510;"2019-07-20 15:15:00";"916";"6";"33"
3510;"2019-07-20 15:30:00";"780";"5";"28"
3510;"2019-07-20 15:45:00";"756";"4";"28"
3510;"2019-07-20 16:00:00";"703";"4";"26"
3510;"2019-07-20 16:15:00";"760";"4";"27"
3510;"2019-07-20 16:30:00";"799";"4";"29"
3510;"2019-07-20 16:45:00";"748";"4";"26"
3510;"2019-07-20 17:00:00";"855";"5";"31"
3510;"2019-07-20 17:15:00";"911";"5";"34"
3510;"2019-07-20 17:30:00";"844";"5";"30"
3510;"2019-07-20 17:45:00";"856";"4";"31"
3510;"2019-07-20 18:00:00";"1108";"6";"41"
3510;"2019-07-20 18:15:00";"1048";"6";"39"
3510;"2019-07-20 18:30:00";"1136";"7";"41"
3510;"2019-07-20 18:45:00";"984";"4";"34"
3510;"2019-07-20 19:00:00";"1100";"6";"40"
3510;"2019-07-20 19:15:00";"1213";"8";"44"
3510;"2019-07-20 19:30:00";"1156";"7";"42"
3510;"2019-07-20 19:45:00";"1212";"7";"43"
3510;"2019-07-20 20:00:00";"1240";"8";"45"
3510;"2019-07-20 20:15:00";"1379";"8";"50"
3510;"2019-07-20 20:30:00";"1412";"9";"50"
3510;"2019-07-20 20:45:00";"1492";"9";"53"
3510;"2019-07-20 21:00:00";"1492";"10";"53"
3510;"2019-07-20 21:15:00";"1512";"9";"54"
3510;"2019-07-20 21:30:00";"1592";"10";"55"
3510;"2019-07-20 21:45:00";"1308";"8";"46"
3510;"2019-07-20 22:00:00";"1220";"8";"42"
3510;"2019-07-20 22:15:00";"1080";"8";"38"
3510;"2019-07-20 22:30:00";"1264";"8";"45"
3510;"2019-07-20 22:45:00";"917";"6";"34"
3510;"2019-07-20 23:00:00";"648";"4";"24"
3510;"2019-07-20 23:15:00";"716";"5";"26"
3510;"2019-07-20 23:30:00";"588";"4";"22"
3510;"2019-07-20 23:45:00";"652";"4";"24"
3510;"2019-07-21 00:00:00";"640";"3";"22"
3510;"2019-07-21 00:15:00";"676";"4";"25"
3510;"2019-07-21 00:30:00";"728";"5";"27"
3510;"2019-07-21 00:45:00";"687";"4";"24"
3510;"2019-07-21 01:00:00";"585";"3";"21"
3510;"2019-07-21 01:15:00";"469";"3";"17"
3510;"2019-07-21 01:30:00";"503";"2";"19"
3510;"2019-07-21 01:45:00";"421";"2";"16"
3510;"2019-07-21 02:00:00";"289";"1";"9"
3510;"2019-07-21 02:15:00";"331";"2";"13"
3510;"2019-07-21 02:30:00";"344";"3";"12"
3510;"2019-07-21 02:45:00";"340";"3";"12"
3510;"2019-07-21 03:00:00";"252";"1";"9"
3510;"2019-07-21 03:15:00";"200";"2";"8"
3510;"2019-07-21 03:30:00";"157";"2";"6"
3510;"2019-07-21 03:45:00";"189";"1";"7"
3510;"2019-07-21 04:00:00";"137";"1";"6"
3510;"2019-07-21 04:15:00";"147";"0";"6"
3510;"2019-07-21 04:30:00";"135";"0";"6"
3510;"2019-07-21 04:45:00";"128";"1";"4"
3510;"2019-07-21 05:00:00";"89";"0";"4"
3510;"2019-07-21 05:15:00";"132";"0";"5"
3510;"2019-07-21 05:30:00";"200";"1";"8"
3510;"2019-07-21 05:45:00";"160";"1";"7"
3510;"2019-07-21 06:00:00";"136";"0";"6"
3510;"2019-07-21 06:15:00";"212";"1";"8"
3510;"2019-07-21 06:30:00";"248";"1";"9"
3510;"2019-07-21 06:45:00";"276";"2";"10"
3510;"2019-07-21 07:00:00";"200";"2";"7"
3510;"2019-07-21 07:15:00";"304";"1";"11"
3510;"2019-07-21 07:30:00";"280";"0";"11"
3510;"2019-07-21 07:45:00";"272";"2";"10"
3510;"2019-07-21 08:00:00";"232";"2";"8"
3510;"2019-07-21 08:15:00";"241";"1";"9"
3510;"2019-07-21 08:30:00";"281";"1";"9"
3510;"2019-07-21 08:45:00";"363";"2";"14"
3510;"2019-07-21 09:00:00";"337";"2";"12"
3510;"2019-07-21 09:15:00";"288";"1";"11"
3510;"2019-07-21 09:30:00";"360";"2";"13"
3510;"2019-07-21 09:45:00";"424";"2";"15"
3510;"2019-07-21 10:00:00";"568";"4";"20"
3510;"2019-07-21 10:15:00";"572";"3";"22"
3510;"2019-07-21 10:30:00";"547";"3";"21"
3510;"2019-07-21 10:45:00";"704";"4";"25"
3510;"2019-07-21 11:00:00";"701";"4";"25"
3510;"2019-07-21 11:15:00";"741";"4";"28"
3510;"2019-07-21 11:30:00";"800";"4";"29"
3510;"2019-07-21 11:45:00";"1000";"6";"36"
3510;"2019-07-21 12:00:00";"888";"6";"33"
3510;"2019-07-21 12:15:00";"1000";"6";"36"
3510;"2019-07-21 12:30:00";"865";"5";"32"
3510;"2019-07-21 12:45:00";"1164";"7";"41"
3510;"2019-07-21 13:00:00";"1164";"6";"42"
3510;"2019-07-21 13:15:00";"1199";"6";"42"
3510;"2019-07-21 13:30:00";"1141";"6";"41"
3510;"2019-07-21 13:45:00";"1049";"6";"38"
3510;"2019-07-21 14:00:00";"1025";"6";"38"
3510;"2019-07-21 14:15:00";"1176";"7";"42"
3510;"2019-07-21 14:30:00";"1220";"7";"44"
3510;"2019-07-21 14:45:00";"1131";"6";"40"
3510;"2019-07-21 15:00:00";"949";"5";"35"
3510;"2019-07-21 15:15:00";"684";"4";"25"
3510;"2019-07-21 15:30:00";"585";"4";"21"
3510;"2019-07-21 15:45:00";"583";"3";"21"
3510;"2019-07-21 16:00:00";"661";"4";"23"
3510;"2019-07-21 16:15:00";"632";"3";"24"
3510;"2019-07-21 16:30:00";"732";"3";"27"
3510;"2019-07-21 16:45:00";"688";"4";"24"
3510;"2019-07-21 17:00:00";"756";"4";"28"
3510;"2019-07-21 17:15:00";"876";"4";"32"
3510;"2019-07-21 17:30:00";"964";"6";"36"
3510;"2019-07-21 17:45:00";"968";"5";"34"
3510;"2019-07-21 18:00:00";"1012";"6";"36"
3510;"2019-07-21 18:15:00";"1137";"7";"41"
3510;"2019-07-21 18:30:00";"1201";"7";"43"
3510;"2019-07-21 18:45:00";"1156";"8";"41"
3510;"2019-07-21 19:00:00";"1244";"7";"44"
3510;"2019-07-21 19:15:00";"1268";"8";"45"
3510;"2019-07-21 19:30:00";"1436";"8";"50"
3510;"2019-07-21 19:45:00";"1307";"7";"47"
3510;"2019-07-21 20:00:00";"1600";"10";"55"
3510;"2019-07-21 20:15:00";"1557";"9";"55"
3510;"2019-07-21 20:30:00";"1444";"8";"50"
3510;"2019-07-21 20:45:00";"1535";"10";"54"
3510;"2019-07-21 21:00:00";"1561";"10";"56"
3510;"2019-07-21 21:15:00";"1700";"11";"60"
3510;"2019-07-21 21:30:00";"1728";"12";"61"
3510;"2019-07-21 21:45:00";"1444";"9";"51"
3510;"2019-07-21 22:00:00";"1372";"9";"48"
3510;"2019-07-21 22:15:00";"1352";"9";"48"
3510;"2019-07-21 22:30:00";"1064";"8";"38"
3510;"2019-07-21 22:45:00";"1092";"7";"39"
3510;"2019-07-21 23:00:00";"840";"6";"32"
3510;"2019-07-21 23:15:00";"899";"5";"33"
3510;"2019-07-21 23:30:00";"900";"6";"33"
3510;"2019-07-21 23:45:00";"840";"4";"31"
3510;"2019-07-22 00:00:00";"688";"5";"26"
3510;"2019-07-22 00:15:00";"664";"3";"25"
3510;"2019-07-22 00:30:00";"545";"4";"20"
3510;"2019-07-22 00:45:00";"509";"4";"18"
3510;"2019-07-22 01:00:00";"341";"2";"11"
3510;"2019-07-22 01:15:00";"260";"1";"10"
3510;"2019-07-22 01:30:00";"252";"2";"10"
3510;"2019-07-22 01:45:00";"148";"1";"7"
3510;"2019-07-22 02:00:00";"125";"1";"5"
3510;"2019-07-22 02:15:00";"84";"0";"4"
3510;"2019-07-22 02:30:00";"139";"1";"6"
3510;"2019-07-22 02:45:00";"29";"0";"2"
3510;"2019-07-22 03:00:00";"78";"0";"3"
3510;"2019-07-22 03:15:00";"36";"0";"1"
3510;"2019-07-22 03:30:00";"56";"0";"2"
3510;"2019-07-22 03:45:00";"48";"0";"2"
3510;"2019-07-22 04:00:00";"39";"0";"2"
3510;"2019-07-22 04:15:00";"51";"0";"3"
3510;"2019-07-22 04:30:00";"60";"0";"2"
3510;"2019-07-22 04:45:00";"80";"0";"3"
3510;"2019-07-22 05:00:00";"135";"1";"5"
3510;"2019-07-22 05:15:00";"208";"1";"9"
3510;"2019-07-22 05:30:00";"189";"0";"7"
3510;"2019-07-22 05:45:00";"256";"1";"11"
3510;"2019-07-22 06:00:00";"280";"1";"11"
3510;"2019-07-22 06:15:00";"476";"2";"18"
3510;"2019-07-22 06:30:00";"724";"4";"27"
3510;"2019-07-22 06:45:00";"1156";"8";"41"
3510;"2019-07-22 07:00:00";"1808";"12";"63"
3510;"2019-07-22 07:15:00";"1872";"12";"64"
3510;"2019-07-22 07:30:00";"2082";"15";"70"
3510;"2019-07-22 07:45:00";"2104";"17";"73"
3510;"2019-07-22 08:00:00";"2096";"16";"73"
3510;"2019-07-22 08:15:00";"1860";"12";"64"
3510;"2019-07-22 08:30:00";"1691";"10";"60"
3510;"2019-07-22 08:45:00";"1909";"14";"67"
3510;"2019-07-22 09:00:00";"1936";"14";"66"
3510;"2019-07-22 09:15:00";"1968";"13";"66"
3510;"2019-07-22 09:30:00";"2112";"15";"72"
3510;"2019-07-22 09:45:00";"1948";"11";"65"
3510;"2019-07-22 10:00:00";"1760";"11";"61"
3510;"2019-07-22 10:15:00";"1327";"9";"46"
3510;"2019-07-22 10:30:00";"854";"5";"31"
3510;"2019-07-22 10:45:00";"975";"7";"34"
3510;"2019-07-22 11:00:00";"990";"5";"36"
3510;"2019-07-22 11:30:00";"951";"8";"36"
3510;"2019-07-22 11:45:00";"1010";"10";"40"
3510;"2019-07-22 12:00:00";"913";"11";"36"
3510;"2019-07-22 12:15:00";"1062";"10";"41"
3510;"2019-07-22 12:30:00";"1024";"19";"46"
3510;"2019-07-22 12:45:00";"877";"14";"39"
3510;"2019-07-22 13:00:00";"927";"7";"35"
3510;"2019-07-22 13:15:00";"1036";"12";"40"
3510;"2019-07-22 13:30:00";"964";"10";"38"
3510;"2019-07-22 13:45:00";"956";"10";"37"
3510;"2019-07-22 14:00:00";"952";"8";"37"
3510;"2019-07-22 14:15:00";"1056";"11";"42"
3510;"2019-07-22 14:30:00";"1068";"17";"46"
3510;"2019-07-22 14:45:00";"1104";"16";"47"
3510;"2019-07-22 15:00:00";"756";"9";"31"
3510;"2019-07-22 15:15:00";"892";"9";"35"
3510;"2019-07-22 15:30:00";"984";"9";"39"
3510;"2019-07-22 15:45:00";"1000";"11";"40"
3510;"2019-07-22 16:00:00";"988";"11";"39"
3510;"2019-07-22 16:15:00";"776";"9";"32"
3510;"2019-07-22 16:30:00";"692";"17";"35"
3510;"2019-07-22 16:45:00";"640";"10";"28"
3510;"2019-07-22 17:00:00";"620";"7";"25"
3510;"2019-07-22 17:15:00";"621";"12";"29"
3510;"2019-07-22 17:30:00";"644";"8";"27"
3510;"2019-07-22 17:45:00";"592";"8";"27"
3510;"2019-07-22 18:00:00";"717";"8";"29"
3510;"2019-07-22 18:15:00";"605";"4";"22"
3510;"2019-07-22 18:30:00";"681";"5";"26"
3510;"2019-07-22 18:45:00";"552";"3";"21"
3510;"2019-07-22 19:00:00";"700";"6";"27"
3510;"2019-07-22 19:15:00";"921";"7";"36"
3510;"2019-07-22 19:30:00";"1249";"10";"46"
3510;"2019-07-22 19:45:00";"1348";"10";"49"
3510;"2019-07-22 20:00:00";"1497";"10";"53"
3510;"2019-07-22 20:15:00";"1376";"11";"50"
3510;"2019-07-22 20:30:00";"1492";"10";"52"
3510;"2019-07-22 20:45:00";"1300";"9";"47"
3510;"2019-07-22 21:00:00";"1472";"9";"51"
3510;"2019-07-22 21:15:00";"1380";"9";"48"
3510;"2019-07-22 21:30:00";"1521";"10";"55"
3510;"2019-07-22 21:45:00";"1216";"9";"43"
3510;"2019-07-22 22:00:00";"1112";"8";"40"
3510;"2019-07-22 22:15:00";"1056";"6";"39"
3510;"2019-07-22 22:30:00";"984";"5";"35"
3510;"2019-07-22 22:45:00";"792";"5";"29"
3510;"2019-07-22 23:00:00";"628";"3";"23"
3510;"2019-07-22 23:15:00";"523";"3";"19"
3510;"2019-07-22 23:30:00";"496";"3";"18"
3510;"2019-07-22 23:45:00";"465";"3";"17"
3510;"2019-07-23 00:00:00";"404";"2";"15"
3510;"2019-07-23 00:15:00";"343";"3";"14"
3510;"2019-07-23 00:30:00";"348";"1";"12"
3510;"2019-07-23 00:45:00";"288";"2";"10"
3510;"2019-07-23 01:00:00";"268";"2";"9"
3510;"2019-07-23 01:15:00";"184";"1";"6"
3510;"2019-07-23 01:30:00";"136";"0";"6"
3510;"2019-07-23 01:45:00";"140";"1";"5"
3510;"2019-07-23 02:00:00";"104";"1";"4"
3510;"2019-07-23 02:15:00";"87";"0";"3"
3510;"2019-07-23 02:30:00";"67";"0";"3"
3510;"2019-07-23 02:45:00";"40";"0";"2"
3510;"2019-07-23 03:00:00";"74";"1";"4"
3510;"2019-07-23 03:15:00";"69";"1";"3"
3510;"2019-07-23 03:30:00";"44";"0";"3"
3510;"2019-07-23 03:45:00";"51";"1";"3"
3510;"2019-07-23 04:00:00";"39";"0";"2"
3510;"2019-07-23 04:15:00";"65";"1";"4"
3510;"2019-07-23 04:30:00";"64";"0";"3"
3510;"2019-07-23 04:45:00";"104";"0";"4"
3510;"2019-07-23 05:00:00";"100";"0";"5"
3510;"2019-07-23 05:15:00";"152";"0";"7"
3510;"2019-07-23 05:30:00";"153";"1";"6"
3510;"2019-07-23 05:45:00";"256";"1";"10"
3510;"2019-07-23 06:00:00";"284";"0";"11"
3510;"2019-07-23 06:15:00";"440";"2";"17"
3510;"2019-07-23 06:30:00";"604";"4";"25"
3510;"2019-07-23 06:45:00";"1064";"8";"38"
3510;"2019-07-23 07:00:00";"1420";"10";"56"
3510;"2019-07-23 07:15:00";"1684";"12";"57"
3510;"2019-07-23 07:30:00";"1688";"14";"66"
3510;"2019-07-23 07:45:00";"1900";"14";"68"
3510;"2019-07-23 08:00:00";"1784";"15";"71"
3510;"2019-07-23 08:15:00";"1944";"14";"68"
3510;"2019-07-23 08:30:00";"1540";"12";"59"
3510;"2019-07-23 08:45:00";"1844";"14";"66"
3510;"2019-07-23 09:00:00";"1600";"13";"62"
3510;"2019-07-23 09:15:00";"1776";"11";"62"
3510;"2019-07-23 09:30:00";"1764";"13";"65"
3510;"2019-07-23 09:45:00";"1512";"11";"58"
3510;"2019-07-23 10:00:00";"1408";"10";"51"
3510;"2019-07-23 10:15:00";"1196";"19";"55"
3510;"2019-07-23 10:30:00";"628";"60";"69"
3510;"2019-07-23 10:45:00";"643";"92";"94"
3510;"2019-07-23 11:00:00";"612";"93";"94"
3510;"2019-07-23 11:15:00";"553";"91";"93"
3510;"2019-07-23 11:30:00";"404";"95";"96"
3510;"2019-07-23 11:45:00";"252";"93";"93"
3510;"2019-07-23 12:00:00";"320";"93";"95"
3510;"2019-07-23 12:15:00";"340";"93";"96"
3510;"2019-07-23 12:30:00";"493";"93";"95"
3510;"2019-07-23 12:45:00";"487";"92";"95"
3510;"2019-07-23 13:00:00";"488";"91";"93"
3510;"2019-07-23 13:15:00";"488";"95";"97"
3510;"2019-07-23 13:30:00";"477";"95";"96"
3510;"2019-07-23 13:45:00";"464";"94";"95"
3510;"2019-07-23 14:00:00";"433";"94";"95"
3510;"2019-07-23 14:15:00";"72";"73";"73"
3510;"2019-07-23 14:30:00";"0";"64";"64"
3510;"2019-07-23 14:45:00";"0";"92";"92"
3510;"2019-07-23 15:00:00";"0";"100";"100"
3510;"2019-07-23 15:15:00";"0";"100";"100"
3510;"2019-07-23 15:30:00";"0";"100";"100"
3510;"2019-07-23 15:45:00";"0";"94";"94"
3510;"2019-07-23 16:00:00";"0";"100";"100"
3510;"2019-07-23 16:15:00";"0";"100";"100"
3510;"2019-07-23 16:30:00";"0";"100";"100"
3510;"2019-07-23 16:45:00";"0";"100";"100"
3510;"2019-07-23 17:00:00";"0";"100";"100"
3510;"2019-07-23 17:15:00";"0";"100";"100"
3510;"2019-07-23 17:30:00";"0";"100";"100"
3510;"2019-07-23 17:45:00";"0";"100";"100"
3510;"2019-07-23 18:00:00";"0";"100";"100"
3510;"2019-07-23 18:15:00";"0";"100";"100"
3510;"2019-07-23 18:30:00";"0";"100";"100"
3510;"2019-07-23 18:45:00";"0";"100";"100"
3510;"2019-07-23 19:00:00";"0";"100";"100"
3510;"2019-07-23 19:15:00";"0";"100";"100"
3510;"2019-07-23 19:30:00";"0";"100";"100"
3510;"2019-07-23 19:45:00";"0";"100";"100"
3510;"2019-07-23 20:00:00";"0";"100";"100"
3510;"2019-07-23 20:15:00";"0";"100";"100"
3510;"2019-07-23 20:30:00";"0";"100";"100"
3510;"2019-07-23 20:45:00";"0";"100";"100"
3510;"2019-07-23 21:00:00";"0";"100";"100"
3510;"2019-07-23 21:15:00";"0";"100";"100"
3510;"2019-07-23 21:30:00";"0";"100";"100"
3510;"2019-07-23 21:45:00";"0";"100";"100"
3510;"2019-07-23 22:00:00";"0";"100";"100"
3510;"2019-07-23 22:15:00";"0";"100";"100"
3510;"2019-07-23 22:30:00";"0";"100";"100"
3510;"2019-07-23 22:45:00";"0";"100";"100"
3510;"2019-07-23 23:00:00";"0";"100";"100"
3510;"2019-07-23 23:15:00";"0";"100";"100"
3510;"2019-07-23 23:30:00";"0";"100";"100"
3510;"2019-07-23 23:45:00";"0";"100";"100"
3510;"2019-07-24 00:00:00";"0";"100";"100"
3510;"2019-07-24 00:15:00";"0";"100";"100"
3510;"2019-07-24 00:30:00";"0";"100";"100"
3510;"2019-07-24 00:45:00";"0";"100";"100"
3510;"2019-07-24 01:00:00";"0";"100";"100"
3510;"2019-07-24 01:15:00";"0";"100";"100"
3510;"2019-07-24 01:30:00";"0";"100";"100"
3510;"2019-07-24 01:45:00";"0";"100";"100"
3510;"2019-07-24 02:00:00";"0";"100";"100"
3510;"2019-07-24 02:15:00";"0";"100";"100"
3510;"2019-07-24 02:30:00";"0";"100";"100"
3510;"2019-07-24 02:45:00";"0";"100";"100"
3510;"2019-07-24 03:00:00";"0";"100";"100"
3510;"2019-07-24 03:15:00";"0";"100";"100"
3510;"2019-07-24 03:30:00";"0";"100";"100"
3510;"2019-07-24 03:45:00";"0";"100";"100"
3510;"2019-07-24 04:00:00";"0";"100";"100"
3510;"2019-07-24 04:15:00";"0";"100";"100"
3510;"2019-07-24 04:30:00";"0";"100";"100"
3510;"2019-07-24 04:45:00";"0";"100";"100"
3510;"2019-07-24 05:00:00";"0";"100";"100"
3510;"2019-07-24 05:15:00";"0";"100";"100"
3510;"2019-07-24 05:30:00";"0";"100";"100"
3510;"2019-07-24 05:45:00";"0";"100";"100"
3510;"2019-07-24 06:00:00";"0";"100";"100"
3510;"2019-07-24 06:15:00";"0";"100";"100"
3510;"2019-07-24 06:30:00";"0";"100";"100"
3510;"2019-07-24 06:45:00";"0";"100";"100"
3510;"2019-07-24 07:00:00";"0";"100";"100"
3510;"2019-07-24 07:15:00";"0";"100";"100"
3510;"2019-07-24 07:30:00";"0";"100";"100"
3510;"2019-07-24 07:45:00";"0";"100";"100"
3510;"2019-07-24 08:00:00";"0";"100";"100"
3510;"2019-07-24 08:15:00";"0";"100";"100"
3510;"2019-07-24 08:30:00";"0";"100";"100"
3510;"2019-07-24 08:45:00";"0";"100";"100"
3510;"2019-07-24 09:00:00";"0";"100";"100"
3510;"2019-07-24 09:15:00";"0";"100";"100"
3510;"2019-07-24 09:30:00";"0";"100";"100"
3510;"2019-07-24 09:45:00";"0";"100";"100"
3510;"2019-07-24 10:00:00";"0";"100";"100"
3510;"2019-07-24 10:15:00";"0";"100";"100"
3510;"2019-07-24 10:30:00";"0";"100";"100"
3510;"2019-07-24 10:45:00";"0";"100";"100"
3510;"2019-07-24 11:00:00";"0";"100";"100"
3510;"2019-07-24 11:15:00";"0";"100";"100"
3510;"2019-07-24 11:30:00";"0";"100";"100"
3510;"2019-07-24 11:45:00";"0";"100";"100"
3510;"2019-07-24 12:00:00";"0";"100";"100"
3510;"2019-07-24 12:15:00";"0";"100";"100"
3510;"2019-07-24 12:30:00";"0";"100";"100"
3510;"2019-07-24 12:45:00";"0";"100";"100"
3510;"2019-07-24 13:00:00";"0";"100";"100"
3510;"2019-07-24 13:15:00";"0";"100";"100"
3510;"2019-07-24 13:30:00";"0";"100";"100"
3510;"2019-07-24 13:45:00";"0";"100";"100"
3510;"2019-07-24 14:00:00";"0";"100";"100"
3510;"2019-07-24 14:15:00";"0";"100";"100"
3510;"2019-07-24 14:30:00";"0";"100";"100"
3510;"2019-07-24 14:45:00";"0";"100";"100"
3510;"2019-07-24 15:00:00";"0";"100";"100"
3510;"2019-07-24 15:15:00";"0";"100";"100"
3510;"2019-07-24 15:30:00";"0";"100";"100"
3510;"2019-07-24 15:45:00";"0";"100";"100"
3510;"2019-07-25 08:30:00";"0";"100";"100"
3510;"2019-07-25 08:45:00";"0";"100";"100"
3510;"2019-07-25 09:00:00";"0";"100";"100"
3510;"2019-07-25 09:15:00";"0";"100";"100"
3510;"2019-07-25 09:30:00";"0";"100";"100"
3510;"2019-07-25 09:45:00";"0";"100";"100"
3510;"2019-07-25 10:00:00";"0";"100";"100"
3510;"2019-07-25 10:15:00";"0";"100";"100"
3510;"2019-07-25 10:30:00";"0";"100";"100"
3510;"2019-07-25 10:45:00";"0";"100";"100"
3510;"2019-07-25 11:00:00";"0";"100";"100"
3510;"2019-07-25 11:15:00";"0";"100";"100"
3510;"2019-07-25 11:30:00";"0";"100";"100"
3510;"2019-07-25 11:45:00";"0";"100";"100"
3510;"2019-07-25 12:00:00";"0";"100";"100"
3510;"2019-07-25 12:15:00";"0";"93";"93"
3510;"2019-07-25 12:30:00";"0";"100";"100"
3510;"2019-07-25 12:45:00";"0";"100";"100"
3510;"2019-07-25 13:00:00";"0";"100";"100"
3510;"2019-07-25 13:15:00";"0";"100";"100"
3510;"2019-07-25 13:30:00";"0";"100";"100"
3510;"2019-07-25 13:45:00";"0";"100";"100"
3510;"2019-07-25 14:00:00";"0";"100";"100"
3510;"2019-07-25 14:15:00";"0";"100";"100"
3510;"2019-07-25 14:30:00";"0";"100";"100"
3510;"2019-07-25 14:45:00";"0";"100";"100"
3510;"2019-07-25 15:00:00";"0";"100";"100"
3510;"2019-07-25 15:15:00";"0";"100";"100"
3510;"2019-07-25 15:30:00";"0";"100";"100"
3510;"2019-07-25 15:45:00";"0";"100";"100"
3510;"2019-07-25 16:00:00";"0";"100";"100"
3510;"2019-07-25 16:15:00";"0";"100";"100"
3510;"2019-07-25 16:30:00";"0";"100";"100"
3510;"2019-07-25 16:45:00";"0";"100";"100"
3510;"2019-07-25 17:00:00";"0";"100";"100"
3510;"2019-07-25 17:15:00";"0";"100";"100"
3510;"2019-07-25 17:30:00";"0";"100";"100"
3510;"2019-07-25 17:45:00";"0";"100";"100"
3510;"2019-07-25 18:00:00";"0";"100";"100"
3510;"2019-07-25 18:15:00";"0";"100";"100"
3510;"2019-07-25 18:30:00";"0";"100";"100"
3510;"2019-07-25 18:45:00";"0";"100";"100"
3510;"2019-07-25 19:00:00";"0";"100";"100"
3510;"2019-07-25 19:15:00";"0";"100";"100"
3510;"2019-07-25 19:30:00";"0";"100";"100"
3510;"2019-07-25 19:45:00";"0";"100";"100"
3510;"2019-07-25 20:00:00";"0";"100";"100"
3510;"2019-07-25 20:15:00";"0";"100";"100"
3510;"2019-07-25 20:30:00";"0";"100";"100"
3510;"2019-07-25 20:45:00";"0";"100";"100"
3510;"2019-07-25 21:00:00";"0";"100";"100"
3510;"2019-07-25 21:15:00";"0";"100";"100"
3510;"2019-07-25 21:30:00";"0";"100";"100"
3510;"2019-07-25 21:45:00";"0";"100";"100"
3510;"2019-07-25 22:00:00";"0";"100";"100"
3510;"2019-07-25 22:15:00";"0";"100";"100"
3510;"2019-07-25 22:30:00";"0";"100";"100"
3510;"2019-07-25 22:45:00";"0";"100";"100"
3510;"2019-07-25 23:00:00";"0";"100";"100"
3510;"2019-07-25 23:15:00";"0";"100";"100"
3510;"2019-07-25 23:30:00";"0";"100";"100"
3510;"2019-07-25 23:45:00";"0";"100";"100"
3510;"2019-07-26 00:00:00";"0";"100";"100"
3510;"2019-07-26 00:15:00";"0";"100";"100"
3510;"2019-07-26 00:30:00";"0";"100";"100"
3510;"2019-07-26 00:45:00";"0";"100";"100"
3510;"2019-07-26 01:00:00";"0";"100";"100"
3510;"2019-07-26 01:15:00";"0";"100";"100"
3510;"2019-07-26 01:30:00";"0";"100";"100"
3510;"2019-07-26 01:45:00";"0";"100";"100"
3510;"2019-07-26 02:00:00";"0";"100";"100"
3510;"2019-07-26 02:15:00";"0";"100";"100"
3510;"2019-07-26 02:30:00";"0";"100";"100"
3510;"2019-07-26 02:45:00";"0";"100";"100"
3510;"2019-07-26 03:00:00";"0";"100";"100"
3510;"2019-07-26 03:15:00";"0";"100";"100"
3510;"2019-07-26 03:30:00";"0";"100";"100"
3510;"2019-07-26 03:45:00";"0";"100";"100"
3510;"2019-07-26 04:00:00";"0";"100";"100"
3510;"2019-07-26 04:15:00";"0";"100";"100"
3510;"2019-07-26 04:30:00";"0";"100";"100"
3510;"2019-07-26 04:45:00";"0";"100";"100"
3510;"2019-07-26 05:00:00";"0";"100";"100"
3510;"2019-07-26 05:15:00";"0";"100";"100"
3510;"2019-07-26 05:30:00";"0";"100";"100"
3510;"2019-07-26 05:45:00";"0";"100";"100"
3510;"2019-07-26 06:00:00";"0";"100";"100"
3510;"2019-07-26 06:15:00";"0";"100";"100"
3510;"2019-07-26 06:30:00";"0";"100";"100"
3510;"2019-07-26 06:45:00";"0";"100";"100"
3510;"2019-07-26 07:00:00";"0";"100";"100"
3510;"2019-07-26 07:15:00";"0";"100";"100"
3510;"2019-07-26 07:30:00";"0";"100";"100"
3510;"2019-07-26 07:45:00";"0";"100";"100"
3510;"2019-07-26 08:00:00";"0";"100";"100"
3510;"2019-07-26 08:15:00";"0";"100";"100"
3510;"2019-07-26 08:30:00";"0";"100";"100"
3510;"2019-07-26 08:45:00";"0";"100";"100"
3510;"2019-07-26 09:00:00";"0";"100";"100"
3510;"2019-07-26 09:15:00";"0";"100";"100"
3510;"2019-07-26 09:30:00";"0";"100";"100"
3510;"2019-07-26 09:45:00";"0";"100";"100"
3510;"2019-07-26 10:00:00";"0";"100";"100"
3510;"2019-07-26 10:15:00";"0";"100";"100"
3510;"2019-07-26 10:30:00";"0";"100";"100"
3510;"2019-07-26 10:45:00";"0";"100";"100"
3510;"2019-07-26 11:00:00";"0";"100";"100"
3510;"2019-07-26 11:15:00";"0";"100";"100"
3510;"2019-07-26 11:30:00";"0";"100";"100"
3510;"2019-07-26 11:45:00";"0";"100";"100"
3510;"2019-07-26 12:00:00";"0";"100";"100"
3510;"2019-07-26 12:15:00";"0";"100";"100"
3510;"2019-07-29 15:15:00";"0";"100";"100"
3510;"2019-07-29 15:30:00";"0";"100";"100"
3510;"2019-07-29 15:45:00";"0";"100";"100"
3510;"2019-07-29 16:00:00";"0";"100";"100"
3510;"2019-07-29 16:15:00";"0";"100";"100"
3510;"2019-07-29 16:30:00";"0";"100";"100"
3510;"2019-07-29 16:45:00";"0";"100";"100"
3510;"2019-07-29 17:00:00";"0";"100";"100"
3510;"2019-07-29 17:15:00";"0";"100";"100"
3510;"2019-07-29 17:30:00";"0";"100";"100"
3510;"2019-07-29 17:45:00";"0";"100";"100"
3510;"2019-07-29 18:00:00";"0";"100";"100"
3510;"2019-07-29 18:15:00";"0";"100";"100"
3510;"2019-07-29 18:30:00";"0";"100";"100"
3510;"2019-07-29 18:45:00";"0";"100";"100"
3510;"2019-07-29 19:00:00";"0";"100";"100"
3510;"2019-07-29 19:15:00";"0";"100";"100"
3510;"2019-07-29 19:30:00";"0";"100";"100"
3510;"2019-07-29 19:45:00";"0";"100";"100"
3510;"2019-07-29 20:00:00";"0";"100";"100"
3510;"2019-07-29 20:15:00";"0";"100";"100"
3510;"2019-07-29 20:30:00";"0";"100";"100"
3510;"2019-07-29 20:45:00";"0";"100";"100"
3510;"2019-07-29 21:00:00";"0";"100";"100"
3510;"2019-07-29 21:15:00";"0";"100";"100"
3510;"2019-07-29 21:30:00";"0";"100";"100"
3510;"2019-07-29 21:45:00";"0";"100";"100"
3510;"2019-07-29 22:00:00";"0";"100";"100"
3510;"2019-07-29 22:15:00";"0";"100";"100"
3510;"2019-07-29 22:30:00";"0";"100";"100"
3510;"2019-07-29 22:45:00";"0";"100";"100"
3510;"2019-07-29 23:00:00";"0";"100";"100"
3510;"2019-07-29 23:15:00";"0";"100";"100"
3510;"2019-07-29 23:30:00";"0";"100";"100"
3510;"2019-07-29 23:45:00";"0";"100";"100"
3510;"2019-07-30 00:00:00";"0";"100";"100"
3510;"2019-07-30 00:15:00";"0";"100";"100"
3510;"2019-07-30 00:30:00";"0";"100";"100"
3510;"2019-07-30 00:45:00";"0";"100";"100"
3510;"2019-07-30 01:00:00";"0";"100";"100"
3510;"2019-07-30 01:15:00";"0";"100";"100"
3510;"2019-07-30 01:30:00";"0";"100";"100"
3510;"2019-07-30 01:45:00";"0";"100";"100"
3510;"2019-07-30 02:00:00";"0";"100";"100"
3510;"2019-07-30 02:15:00";"0";"100";"100"
3510;"2019-07-30 02:30:00";"0";"100";"100"
3510;"2019-07-30 02:45:00";"0";"100";"100"
3510;"2019-07-30 03:00:00";"0";"100";"100"
3510;"2019-07-30 03:15:00";"0";"100";"100"
3510;"2019-07-30 03:30:00";"0";"100";"100"
3510;"2019-07-30 03:45:00";"0";"100";"100"
3510;"2019-07-30 04:00:00";"0";"100";"100"
3510;"2019-07-30 04:15:00";"0";"100";"100"
3510;"2019-07-30 04:30:00";"0";"100";"100"
3510;"2019-07-30 04:45:00";"0";"100";"100"
3510;"2019-07-30 05:00:00";"0";"100";"100"
3510;"2019-07-30 05:15:00";"0";"100";"100"
3510;"2019-07-30 05:30:00";"0";"100";"100"
3510;"2019-07-30 05:45:00";"0";"100";"100"
3510;"2019-07-30 06:00:00";"0";"100";"100"
3510;"2019-07-30 06:15:00";"0";"100";"100"
3510;"2019-07-30 06:30:00";"0";"100";"100"
3510;"2019-07-30 06:45:00";"0";"100";"100"
3510;"2019-07-30 07:00:00";"0";"100";"100"
3510;"2019-07-30 07:15:00";"0";"100";"100"
3510;"2019-07-30 07:30:00";"0";"100";"100"
3510;"2019-07-30 07:45:00";"0";"100";"100"
3510;"2019-07-30 08:00:00";"0";"100";"100"
3510;"2019-07-30 08:15:00";"0";"100";"100"
3510;"2019-07-30 08:30:00";"0";"100";"100"
3510;"2019-07-30 08:45:00";"0";"100";"100"
3510;"2019-07-30 09:00:00";"0";"100";"100"
3510;"2019-07-30 09:15:00";"0";"100";"100"
3510;"2019-07-30 09:30:00";"0";"100";"100"
3510;"2019-07-30 09:45:00";"0";"100";"100"
3510;"2019-07-30 10:00:00";"0";"100";"100"
3510;"2019-07-30 10:15:00";"0";"100";"100"
3510;"2019-07-30 10:30:00";"0";"100";"100"
3510;"2019-07-30 10:45:00";"0";"100";"100"
3510;"2019-07-30 11:00:00";"0";"100";"100"
3510;"2019-07-30 11:15:00";"0";"100";"100"
3510;"2019-07-30 11:30:00";"0";"100";"100"
3510;"2019-07-30 11:45:00";"0";"100";"100"
3510;"2019-07-30 12:00:00";"0";"100";"100"
3510;"2019-07-30 12:15:00";"0";"100";"100"
3510;"2019-07-30 12:30:00";"0";"100";"100"
3510;"2019-07-30 12:45:00";"0";"100";"100"
3510;"2019-07-30 13:00:00";"0";"100";"100"
3510;"2019-07-30 13:15:00";"0";"100";"100"
3510;"2019-07-30 13:30:00";"0";"100";"100"
3510;"2019-07-30 13:45:00";"0";"100";"100"
3510;"2019-07-30 14:00:00";"0";"100";"100"
3510;"2019-07-30 14:15:00";"0";"100";"100"
3510;"2019-07-30 14:30:00";"0";"100";"100"
3510;"2019-07-30 14:45:00";"0";"100";"100"
3510;"2019-07-30 15:00:00";"0";"100";"100"
3510;"2019-07-30 15:15:00";"0";"100";"100"
